<DATE>	<OPEN>	<HIGH>	<LOW>	<CLOSE>	<TICKVOL>	<VOL>	<SPREAD>
2010.01.03	1.03472	1.04186	1.02250	1.02362	203033	0	10
2010.01.10	1.02376	1.02856	1.01319	1.02518	210976	0	10
2010.01.17	1.02797	1.04946	1.02273	1.04116	242241	0	10
2010.01.24	1.04052	1.06404	1.03673	1.06052	248774	0	10
2010.01.31	1.06143	1.07937	1.04972	1.07232	240996	0	10
2010.02.07	1.07520	1.08269	1.06083	1.07536	246130	0	10
2010.02.14	1.07679	1.08975	1.06465	1.07548	219833	0	10
2010.02.21	1.07676	1.08777	1.06942	1.07327	247782	0	10
2010.02.28	1.07422	1.08868	1.06481	1.07398	248041	0	10
2010.03.07	1.07352	1.08032	1.05758	1.05764	168519	0	13
2010.03.14	1.05889	1.06461	1.05064	1.06125	181046	0	13
2010.03.21	1.06073	1.07504	1.05463	1.06500	205665	0	10
2010.03.28	1.06003	1.06893	1.04343	1.06076	168625	0	14
2010.04.04	1.06158	1.07850	1.05836	1.06561	167174	0	10
2010.04.11	1.05861	1.06326	1.05014	1.06126	192312	0	13
2010.04.18	1.06288	1.08491	1.06018	1.07281	188580	0	10
2010.04.25	1.07456	1.09233	1.06993	1.07745	231196	0	10
2010.05.02	1.07568	1.12448	1.07536	1.10791	285622	0	10
2010.05.09	1.09991	1.13354	1.09228	1.13346	323866	0	10
2010.05.16	1.13397	1.15840	1.12672	1.14951	381072	0	13
2010.05.23	1.15012	1.16950	1.14802	1.15897	250348	0	6
2010.05.30	1.15761	1.17298	1.14297	1.16193	261565	1315000000	9
2010.06.06	1.16370	1.16723	1.13976	1.14920	292279	0	14
2010.06.13	1.14866	1.14883	1.10810	1.10833	254188	36000000	6
2010.06.20	1.10242	1.11365	1.09208	1.09264	208056	0	14
2010.06.27	1.09345	1.09377	1.05778	1.06259	195235	0	11
2010.07.04	1.06383	1.06730	1.04799	1.05758	152587	0	6
2010.07.11	1.05539	1.06749	1.03992	1.05049	218808	0	6
2010.07.18	1.04830	1.05624	1.03936	1.05433	162268	0	14
2010.07.25	1.05400	1.06391	1.03614	1.04101	162316	0	13
2010.08.01	1.04008	1.05536	1.03305	1.03883	137736	0	10
2010.08.08	1.03710	1.06240	1.03710	1.05089	155843	0	11
2010.08.15	1.04801	1.05330	1.02572	1.03384	165296	0	11
2010.08.22	1.03481	1.04497	1.02197	1.02780	166903	0	14
2010.08.29	1.02740	1.03083	1.00640	1.01624	127485	0	10
2010.09.05	1.01640	1.02769	1.00599	1.01963	132095	0	10
2010.09.12	1.01911	1.02053	0.99321	1.00959	176125	0	11
2010.09.19	1.01050	1.01170	0.97800	0.98282	134819	0	10
2010.09.26	0.98300	0.98772	0.97077	0.97356	179080	0	14
2010.10.03	0.97520	0.97888	0.95545	0.96370	187614	0	12
2010.10.10	0.96030	0.97272	0.94626	0.95874	152230	0	10
2010.10.17	0.95803	0.98037	0.95411	0.97693	203497	0	11
2010.10.24	0.97688	0.99281	0.96624	0.98218	267208	0	12
2010.10.31	0.98253	0.99706	0.95475	0.96109	321016	0	13
2010.11.07	0.96082	0.98124	0.95863	0.98080	353376	0	13
2010.11.14	0.97998	0.99968	0.97621	0.99224	385660	0	13
2010.11.21	0.99158	1.00528	0.98482	1.00323	416204	0	13
2010.11.28	1.00298	1.00655	0.97264	0.97343	455687	0	13
2010.12.05	0.97535	0.99143	0.97254	0.98078	417281	0	14
2010.12.12	0.98144	0.98505	0.95578	0.96861	396430	0	9
2010.12.19	0.97005	0.97191	0.94966	0.96203	335287	0	10
2010.12.26	0.96092	0.96447	0.92993	0.93432	309643	0	13
2011.01.02	0.93359	0.97071	0.93188	0.96697	394589	0	12
2011.01.09	0.96837	0.97826	0.96042	0.96320	419188	0	14
2011.01.16	0.96326	0.96860	0.95204	0.95810	427118	0	7
2011.01.23	0.95829	0.96221	0.93895	0.94165	433231	0	9
2011.01.30	0.94209	0.95925	0.93284	0.95496	390371	0	13
2011.02.06	0.95602	0.97741	0.95232	0.97298	281525	0	13
2011.02.13	0.97290	0.97434	0.94362	0.94427	331385	0	11
2011.02.20	0.94592	0.95048	0.92334	0.92804	378247	0	10
2011.02.27	0.92799	0.93280	0.92014	0.92442	368483	0	10
2011.03.06	0.92537	0.93684	0.92355	0.92963	351056	0	12
2011.03.13	0.92829	0.93158	0.89216	0.90088	422120	0	10
2011.03.20	0.90144	0.92139	0.89775	0.91978	347227	0	10
2011.03.27	0.92061	0.93394	0.91260	0.92356	339778	0	10
2011.04.03	0.92447	0.92897	0.90573	0.90618	329197	0	10
2011.04.10	0.90807	0.91043	0.88954	0.89203	340078	0	10
2011.04.17	0.89273	0.90068	0.87802	0.88567	313972	0	10
2011.04.24	0.88515	0.88730	0.86256	0.86503	307736	8523750000	6
2011.05.01	0.86391	0.87951	0.85529	0.87858	335920	0	10
2011.05.08	0.87713	0.89453	0.87072	0.89241	323032	0	10
2011.05.15	0.89302	0.89381	0.87472	0.87699	163785	0	6
2011.05.22	0.87875	0.88932	0.84651	0.84892	216578	0	6
2011.05.29	0.85057	0.85459	0.83299	0.83355	282960	0	10
2011.06.05	0.83483	0.84440	0.83261	0.84281	220889	0	10
2011.06.12	0.84258	0.85504	0.83473	0.84876	326519	0	10
2011.06.19	0.84825	0.85156	0.83185	0.83272	317084	0	10
2011.06.26	0.83409	0.85250	0.82747	0.84760	292596	0	10
2011.07.03	0.84743	0.85192	0.83589	0.83593	302080	0	10
2011.07.10	0.83629	0.83971	0.80836	0.81437	348148	0	10
2011.07.17	0.80952	0.82770	0.80952	0.81862	285517	0	9
2011.07.24	0.81265	0.81547	0.78500	0.78552	272759	24435750000	6
2011.07.31	0.79421	0.79522	0.75797	0.76703	389178	27176605000	6
2011.08.07	0.75760	0.77844	0.70674	0.77809	498549	0	10
2011.08.14	0.78231	0.80144	0.77692	0.78461	444802	0	10
2011.08.21	0.78969	0.81536	0.78387	0.80603	371503	0	10
2011.08.28	0.80716	0.82318	0.77109	0.78799	398644	146437369000	6
2011.09.04	0.79002	0.88634	0.78202	0.88334	478912	0	11
2011.09.11	0.88798	0.89249	0.86475	0.87521	500365	0	8
2011.09.18	0.88194	0.91809	0.87891	0.90478	500973	0	10
2011.09.25	0.90440	0.91423	0.89172	0.90766	478851	0	8
2011.10.02	0.90934	0.93138	0.90771	0.92691	480725	0	7
2011.10.09	0.92613	0.92709	0.89029	0.89068	432032	0	9
2011.10.16	0.89130	0.90819	0.88059	0.88190	459893	0	10
2011.10.23	0.88310	0.88769	0.85686	0.86270	441360	0	10
2011.10.30	0.86188	0.89584	0.86100	0.88433	451791	0	10
2011.11.06	0.88770	0.91484	0.88767	0.90077	410405	0	10
2011.11.13	0.89909	0.92343	0.89608	0.91590	444268	0	4
2011.11.20	0.91727	0.93294	0.91074	0.92913	388700	0	10
2011.11.27	0.92766	0.93063	0.90659	0.92070	367727	0	4
2011.12.04	0.92155	0.92951	0.91656	0.92199	350970	0	4
2011.12.11	0.92575	0.95463	0.92470	0.93597	354934	0	10
2011.12.18	0.93635	0.93993	0.92438	0.93626	320513	0	1
2011.12.25	0.93632	0.94691	0.93191	0.93822	251987	0	10
2012.01.01	0.93767	0.95779	0.93041	0.95498	337978	0	10
2012.01.08	0.95731	0.95944	0.94059	0.95209	358148	0	4
2012.01.15	0.95471	0.95723	0.93049	0.93426	346358	0	10
2012.01.22	0.93713	0.93745	0.91137	0.91219	327238	0	4
2012.01.29	0.91276	0.92492	0.91140	0.91776	346945	0	4
2012.02.05	0.91969	0.92624	0.90881	0.91636	335578	0	10
2012.02.12	0.91353	0.92995	0.91014	0.91954	317607	0	10
2012.02.19	0.91616	0.91635	0.89306	0.89587	306467	0	7
2012.02.26	0.89484	0.91487	0.89346	0.91382	314736	0	10
2012.03.04	0.91440	0.92062	0.90705	0.91853	301748	0	10
2012.03.11	0.91933	0.93331	0.91393	0.91546	284464	0	10
2012.03.18	0.91534	0.91777	0.90667	0.90784	262291	0	10
2012.03.25	0.90796	0.91359	0.90084	0.90196	259664	0	5
2012.04.01	0.90101	0.92213	0.90014	0.91645	281596	0	5
2012.04.08	0.91674	0.92156	0.90908	0.91907	296919	0	5
2012.04.15	0.92005	0.92504	0.90827	0.90856	334330	0	5
2012.04.22	0.91053	0.91714	0.90513	0.90616	301372	0	5
2012.04.29	0.90699	0.91840	0.90425	0.91799	283401	0	5
2012.05.06	0.92205	0.93060	0.91940	0.92978	373234	0	5
2012.05.13	0.93169	0.94998	0.93076	0.93950	409492	0	5
2012.05.20	0.93993	0.96099	0.93673	0.95927	414960	0	5
2012.05.27	0.95609	0.97693	0.95286	0.96590	342024	0	5
2012.06.03	0.96558	0.96950	0.95137	0.95944	358182	0	5
2012.06.10	0.94923	0.96490	0.94787	0.94971	354304	0	5
2012.06.17	0.94277	0.95914	0.94210	0.95506	356160	0	5
2012.06.24	0.95650	0.96779	0.94627	0.94822	329154	0	5
2012.07.01	0.94817	0.97932	0.94810	0.97706	298376	0	5
2012.07.08	0.97898	0.98722	0.97368	0.98026	289678	0	5
2012.07.15	0.98026	0.98864	0.97473	0.98780	292398	0	5
2012.07.22	0.99062	0.99713	0.96945	0.97466	345239	0	5
2012.07.29	0.97613	0.98975	0.96935	0.96984	319655	0	4
2012.08.05	0.96909	0.98091	0.96560	0.97698	284009	0	5
2012.08.12	0.97720	0.97980	0.96967	0.97369	257152	0	5
2012.08.19	0.97323	0.97669	0.95379	0.95961	278003	0	4
2012.08.26	0.95966	0.96344	0.95026	0.95457	232459	0	5
2012.09.02	0.95420	0.96070	0.94336	0.94402	281692	0	4
2012.09.09	0.94371	0.94834	0.92385	0.92629	295682	0	5
2012.09.16	0.92646	0.93547	0.92441	0.93276	300569	0	5
2012.09.23	0.93291	0.94170	0.93237	0.93942	297643	0	5
2012.09.30	0.94044	0.94371	0.92738	0.92808	280667	0	5
2012.10.07	0.92972	0.94307	0.92960	0.93329	258341	0	4
2012.10.14	0.93280	0.93710	0.92140	0.92794	239783	0	5
2012.10.21	0.92829	0.93854	0.92483	0.93452	236462	0	5
2012.10.28	0.93535	0.94138	0.92758	0.94001	327822	0	4
2012.11.04	0.94145	0.94982	0.93801	0.94839	480077	0	4
2012.11.11	0.94813	0.95113	0.94028	0.94528	437798	0	5
2012.11.18	0.94527	0.94572	0.92651	0.92764	422441	0	5
2012.11.25	0.92812	0.93405	0.92454	0.92779	411079	0	4
2012.12.02	0.92737	0.93815	0.92405	0.93428	399744	0	4
2012.12.09	0.93643	0.93693	0.91652	0.91736	407392	0	4
2012.12.16	0.91660	0.91939	0.90833	0.91550	420752	0	4
2012.12.23	0.91628	0.91807	0.90944	0.91332	270175	0	4
2012.12.30	0.91348	0.93021	0.90773	0.92439	355591	0	5
2013.01.06	0.92418	0.92862	0.91101	0.91326	477193	0	5
2013.01.13	0.91399	0.93878	0.91187	0.93371	543545	0	4
2013.01.20	0.93473	0.93489	0.92218	0.92626	493197	0	5
2013.01.27	0.92712	0.92922	0.90214	0.90746	500869	0	5
2013.02.03	0.90825	0.92007	0.90558	0.91677	501178	0	5
2013.02.10	0.91739	0.92452	0.91495	0.92158	468736	0	1
2013.02.17	0.92248	0.93324	0.91834	0.92937	463533	0	3
2013.02.24	0.93097	0.94623	0.92316	0.94225	565107	0	3
2013.03.03	0.94229	0.95511	0.93930	0.95095	130389	0	3
2013.03.10	0.95239	0.95664	0.93789	0.93851	191303	0	1
2013.03.17	0.94434	0.94908	0.93961	0.94091	230084	0	1
2013.03.24	0.94103	0.95533	0.93509	0.94885	188415	0	1
2013.03.31	0.94962	0.95265	0.93126	0.93406	169913	0	1
2013.04.07	0.93386	0.93663	0.92636	0.92704	170307	0	1
2013.04.14	0.92748	0.93422	0.92057	0.93356	222124	0	5
2013.04.21	0.93237	0.94986	0.93143	0.94230	180486	0	2
2013.04.28	0.94106	0.94292	0.92468	0.93496	180373	0	1
2013.05.05	0.93519	0.96276	0.93334	0.95657	178382	0	1
2013.05.12	0.95848	0.97614	0.95209	0.97209	215633	0	1
2013.05.19	0.96975	0.98384	0.95904	0.96073	257273	0	1
2013.05.26	0.96183	0.97899	0.95112	0.95455	273155	0	5
2013.06.02	0.95732	0.96240	0.92246	0.93537	346031	0	3
2013.06.09	0.93696	0.94181	0.91301	0.92053	375554	0	3
2013.06.16	0.92184	0.93678	0.91752	0.93357	254269	0	5
2013.06.23	0.93548	0.94873	0.93101	0.94435	306396	0	3
2013.06.30	0.94472	0.96603	0.94385	0.96327	218311	0	5
2013.07.07	0.96566	0.97510	0.94044	0.94573	247378	0	1
2013.07.14	0.94573	0.95341	0.93586	0.94048	215204	0	1
2013.07.21	0.94130	0.94130	0.92638	0.92784	200665	0	1
2013.07.28	0.92842	0.93894	0.92281	0.92885	208465	0	1
2013.08.04	0.92893	0.93326	0.91750	0.92165	204392	0	1
2013.08.11	0.92212	0.93957	0.92164	0.92622	218126	0	1
2013.08.18	0.92597	0.92895	0.91467	0.92122	217569	0	1
2013.08.25	0.92075	0.93321	0.91704	0.92922	201007	0	1
2013.09.01	0.93123	0.94552	0.93104	0.93760	168330	0	1
2013.09.08	0.93822	0.93917	0.92717	0.92957	155781	0	1
2013.09.15	0.92450	0.92789	0.90889	0.91006	157930	0	1
2013.09.22	0.90978	0.91373	0.90208	0.90555	144959	0	1
2013.09.29	0.90672	0.90816	0.89673	0.90692	170252	0	1
2013.10.06	0.90653	0.91315	0.90154	0.91132	159409	0	1
2013.10.13	0.90969	0.91778	0.90042	0.90150	162738	0	1
2013.10.20	0.90175	0.90446	0.88899	0.89230	161538	0	1
2013.10.27	0.89240	0.91377	0.89215	0.91193	179373	0	1
2013.11.03	0.91197	0.92497	0.90914	0.92109	171756	0	1
2013.11.10	0.92219	0.92314	0.91239	0.91464	175762	0	1
2013.11.17	0.91471	0.91907	0.90617	0.90653	185392	0	1
2013.11.24	0.90661	0.91313	0.90281	0.90591	159538	0	1
2013.12.01	0.90608	0.91102	0.89101	0.89101	200102	0	1
2013.12.08	0.89165	0.89340	0.88396	0.88857	174804	0	1
2013.12.15	0.88939	0.90009	0.88321	0.89541	184628	0	1
2013.12.22	0.89586	0.89719	0.87995	0.89099	95358	0	1
2013.12.29	0.89084	0.90574	0.88599	0.90466	149227	0	1
2014.01.05	0.90481	0.91272	0.90049	0.90211	192613	0	1
2014.01.12	0.90214	0.91193	0.89863	0.90967	174881	0	1
2014.01.19	0.91083	0.91563	0.89029	0.89403	177768	0	1
2014.01.26	0.89423	0.90795	0.89317	0.90579	189790	0	1
2014.02.02	0.90641	0.90812	0.89595	0.89817	204283	0	1
2014.02.09	0.89833	0.90378	0.89029	0.89235	151899	0	1
2014.02.16	0.89185	0.89284	0.88560	0.88791	144446	0	1
2014.02.23	0.88734	0.89299	0.87772	0.87983	152977	0	1
2014.03.02	0.87827	0.88953	0.87561	0.87743	178094	0	0
2014.03.09	0.87795	0.88048	0.86988	0.87205	327877	0	0
2014.03.16	0.87262	0.88691	0.87136	0.88282	330028	0	0
2014.03.23	0.88267	0.88989	0.87865	0.88667	360051	0	0
2014.03.30	0.88679	0.89526	0.88149	0.89164	344543	0	0
2014.04.06	0.89193	0.89235	0.87431	0.87575	260062	0	1
2014.04.13	0.87679	0.88359	0.87641	0.88334	155304	0	1
2014.04.20	0.88310	0.88615	0.88019	0.88170	141715	0	1
2014.04.27	0.88070	0.88509	0.87701	0.87794	185111	0	1
2014.05.04	0.87746	0.88728	0.87028	0.88620	220321	0	1
2014.05.11	0.88665	0.89598	0.88583	0.89254	196480	0	1
2014.05.18	0.89211	0.89719	0.88967	0.89519	256346	0	1
2014.05.25	0.89588	0.89893	0.89325	0.89503	128525	0	2
2014.06.01	0.89528	0.90364	0.89078	0.89330	177979	0	1
2014.06.08	0.89309	0.90117	0.89193	0.89895	169895	0	1
2014.06.15	0.90001	0.90128	0.89103	0.89458	167569	0	1
2014.06.22	0.89516	0.89675	0.89053	0.89054	150236	0	1
2014.06.29	0.89081	0.89512	0.88562	0.89375	258604	0	1
2014.07.06	0.89441	0.89591	0.89016	0.89200	310614	0	1
2014.07.13	0.89203	0.90032	0.88980	0.89793	202533	0	1
2014.07.20	0.89768	0.90513	0.89703	0.90402	187762	0	1
2014.07.27	0.90463	0.91050	0.90347	0.90529	203690	0	2
2014.08.03	0.90561	0.91143	0.90322	0.90489	209578	0	10
2014.08.10	0.90550	0.91032	0.90179	0.90179	186692	0	10
2014.08.17	0.90333	0.91537	0.90253	0.91334	190442	0	4
2014.08.24	0.91725	0.91846	0.91255	0.91807	251860	0	2
2014.08.31	0.91864	0.93356	0.91756	0.93103	235129	0	1
2014.09.07	0.93098	0.93954	0.93072	0.93281	300133	0	1
2014.09.14	0.93326	0.94330	0.93005	0.94063	328344	0	1
2014.09.21	0.94105	0.95195	0.93532	0.95124	357998	0	1
2014.09.28	0.95161	0.96837	0.94886	0.96724	355939	0	1
2014.10.05	0.96769	0.96812	0.94692	0.95699	402179	0	1
2014.10.12	0.95684	0.95687	0.93602	0.94561	457692	0	1
2014.10.19	0.94658	0.95588	0.93972	0.95114	364020	0	6
2014.10.26	0.95154	0.96623	0.94412	0.96230	373541	0	1
2014.11.02	0.96417	0.97413	0.95793	0.96573	530820	0	1
2014.11.09	0.96499	0.97000	0.95736	0.95891	478781	0	1
2014.11.16	0.95947	0.97090	0.95296	0.96992	386191	0	1
2014.11.23	0.97256	0.97261	0.95946	0.96545	266469	22286400000	1
2014.11.30	0.96572	0.97992	0.96146	0.97879	282334	0	1
2014.12.07	0.97740	0.98175	0.96188	0.96341	332066	452231605000	1
2014.12.14	0.95869	0.98477	0.95531	0.98270	337441	453963058000	0
2014.12.21	0.98403	0.98860	0.98045	0.98698	523338	562132856000	0
2014.12.28	0.98706	1.00183	0.98429	1.00142	239730	186344905000	0
2015.01.04	1.00632	1.02157	1.00319	1.01419	560256	0	19
2015.01.11	1.01347	1.02390	0.81889	0.89031	463739	0	13
2015.01.18	0.86088	0.88358	0.84985	0.87936	228683	0	4
2015.01.25	0.87960	0.92878	0.87619	0.92017	189000	6097160000	1
2015.02.01	0.92645	0.93423	0.91582	0.92340	270632	0	5
2015.02.08	0.92625	0.93341	0.91928	0.93094	292814	0	5
2015.02.15	0.93068	0.95329	0.92806	0.93778	331663	0	12
2015.02.22	0.94054	0.95439	0.93841	0.95412	336585	0	11
2015.03.01	0.95285	0.98634	0.95278	0.98553	291523	0	7
2015.03.08	0.98652	1.01255	0.98226	1.00468	281897	0	3
2015.03.15	1.00482	1.00914	0.96267	0.97370	245897	0	1
2015.03.22	0.97423	0.98072	0.94860	0.96126	256155	0	1
2015.03.29	0.96126	0.97511	0.94757	0.94946	204939	0	1
2015.04.05	0.95136	0.98342	0.94952	0.97856	172032	0	1
2015.04.12	0.97856	0.98604	0.94940	0.95134	270405	0	1
2015.04.19	0.95134	0.97186	0.95000	0.95332	351077	0	1
2015.04.26	0.95386	0.95981	0.92772	0.93247	394537	0	1
2015.05.03	0.93336	0.94129	0.90727	0.93193	139382	0	1
2015.05.10	0.93143	0.93579	0.90784	0.91549	316683	0	1
2015.05.17	0.91563	0.94563	0.91479	0.94337	372987	0	1
2015.05.24	0.94291	0.95429	0.93484	0.94012	387386	0	1
2015.05.31	0.94021	0.95014	0.92783	0.93904	443306	0	1
2015.06.07	0.94095	0.94290	0.92331	0.92862	538321	0	1
2015.06.14	0.92967	0.93840	0.91509	0.91806	412858	0	1
2015.06.21	0.91684	0.94155	0.91569	0.93355	424705	0	1
2015.06.28	0.93795	0.95039	0.92433	0.93977	489202	0	1
2015.07.05	0.94304	0.95152	0.93293	0.93815	546410	0	1
2015.07.12	0.94059	0.96184	0.93673	0.96152	464957	0	1
2015.07.19	0.96109	0.96483	0.95249	0.96238	613493	175463748000	1
2015.07.26	0.96213	0.97188	0.95298	0.96529	429510	466409457000	5
2015.08.02	0.96489	0.98832	0.96422	0.98352	458443	504149292000	0
2015.08.09	0.98153	0.99026	0.96767	0.97576	332374	347206549000	4
2015.08.16	0.97573	0.97980	0.94589	0.94598	416784	464469524000	0
2015.08.23	0.94582	0.96718	0.92577	0.96229	633350	600173889000	3
2015.08.30	0.96105	0.97701	0.95688	0.97194	456643	496807580000	6
2015.09.06	0.97124	0.98234	0.96815	0.96931	374691	410975172000	5
2015.09.13	0.96900	0.97630	0.95270	0.96809	330299	362216852000	6
2015.09.20	0.96951	0.98430	0.96423	0.97848	366614	385322751000	6
2015.09.27	0.97639	0.98157	0.96447	0.97130	372475	388567760000	6
2015.10.04	0.97079	0.97671	0.95859	0.96146	405063	457666376000	0
2015.10.11	0.96067	0.96458	0.94757	0.95345	316071	344521836000	0
2015.10.18	0.95069	0.98004	0.94933	0.97863	380750	410812230000	0
2015.10.25	0.97885	0.99571	0.97559	0.98744	367941	400779083000	0
2015.11.01	0.98525	1.00760	0.98351	1.00519	377229	405526040000	0
2015.11.08	1.00450	1.00943	0.99886	1.00568	420567	443570366000	0
2015.11.15	1.00535	1.02198	1.00432	1.01809	414628	405308641000	0
2015.11.22	1.01908	1.03280	1.01432	1.02919	404938	419827670000	0
2015.11.29	1.02965	1.03193	0.98747	0.99636	482082	496116321000	0
2015.12.06	0.99683	1.00311	0.98029	0.98244	446232	433822642000	0
2015.12.13	0.98307	0.99907	0.97858	0.99152	485529	479622339000	0
2015.12.20	0.99221	0.99682	0.98521	0.98727	238535	214808175000	0
2015.12.27	0.98524	1.00202	0.98523	0.99980	193511	180158961000	0
2016.01.03	1.00058	1.01238	0.99217	0.99443	526015	517457038000	0
2016.01.10	0.99424	1.01059	0.98797	1.00124	559029	553018797000	9
2016.01.17	1.00086	1.01651	0.99903	1.01486	503018	585175247000	0
2016.01.24	1.01485	1.02558	1.01099	1.02247	565041	665623378000	0
2016.01.31	1.02096	1.02490	0.98811	0.99048	605919	653767955000	8
2016.02.07	0.99107	0.99727	0.96603	0.97611	775019	871424216000	0
2016.02.14	0.97687	0.99682	0.97552	0.98904	565545	654244546000	0
2016.02.21	0.98851	1.00029	0.98521	0.99654	514718	617665406000	0
2016.02.28	0.99698	1.00374	0.98780	0.99230	555641	649295705000	0
2016.03.06	0.99250	1.00918	0.98025	0.98232	503850	605390145000	0
2016.03.13	0.98288	0.99130	0.96502	0.96871	438171	510420948000	0
2016.03.20	0.96968	0.97867	0.96747	0.97678	320730	377090412000	0
2016.03.27	0.97648	0.97856	0.95544	0.95759	421445	562877025000	0
2016.04.03	0.95718	0.96213	0.95169	0.95212	443991	658008234000	0
2016.04.10	0.95217	0.96876	0.94989	0.96748	431925	635366366000	0
2016.04.17	0.96427	0.97969	0.95843	0.97817	424364	487331257000	0
2016.04.24	0.97869	0.97886	0.95672	0.95917	429708	505150117000	0
2016.05.01	0.95725	0.97289	0.94435	0.97165	445924	522891874000	0
2016.05.08	0.97158	0.97738	0.96629	0.97518	353260	431460917000	0
2016.05.15	0.97419	0.99263	0.97373	0.98968	366268	470246674000	0
2016.05.22	0.98997	0.99482	0.98716	0.99461	378563	495215129000	0
2016.05.29	0.99415	0.99556	0.97533	0.97556	418418	530761201000	0
2016.06.05	0.97571	0.97754	0.95775	0.96398	372408	470806884000	0
2016.06.12	0.96328	0.96862	0.95712	0.95955	440067	562417664000	0
2016.06.19	0.96015	0.98022	0.95209	0.96904	446554	521724937000	0
2016.06.26	0.97402	0.98367	0.97049	0.97265	471147	561622068000	0
2016.07.03	0.97185	0.98651	0.96842	0.98265	370889	463303205000	0
2016.07.10	0.98129	0.98938	0.97637	0.98172	421744	574519298000	0
2016.07.17	0.98145	0.99061	0.98107	0.98664	394473	584601977000	0
2016.07.24	0.98669	0.99498	0.96350	0.96937	382123	467779105000	0
2016.07.31	0.96867	0.98300	0.96327	0.98035	337373	360014411000	0
2016.08.07	0.97895	0.98430	0.97081	0.97444	330330	388158511000	0
2016.08.14	0.97309	0.97585	0.95348	0.96004	361085	379287571000	0
2016.08.21	0.96077	0.97921	0.95930	0.97808	371020	411760732000	0
2016.08.28	0.97817	0.98844	0.97386	0.97994	404187	412640756000	0
2016.09.04	0.97956	0.98134	0.96489	0.97457	383793	375424033000	0
2016.09.11	0.97415	0.98174	0.96899	0.97988	443779	490866961000	0
2016.09.18	0.97982	0.98182	0.96593	0.97008	442061	505928505000	0
2016.09.25	0.96902	0.97756	0.96395	0.97112	448279	492627034000	0
2016.10.02	0.97118	0.98387	0.96877	0.97732	467269	490187716000	0
2016.10.09	0.97772	0.99092	0.97669	0.98785	407079	399109270000	0
2016.10.16	0.98987	0.99618	0.98417	0.99331	412305	369314139000	0
2016.10.23	0.99424	0.99984	0.98574	0.98825	434853	366258252000	0
2016.10.30	0.98734	0.99069	0.96737	0.96737	473663	422705531000	0
2016.11.06	0.97598	0.98962	0.95490	0.98670	673612	575142121000	0
2016.11.13	0.98890	1.01229	0.98809	1.00906	694942	587731862000	0
2016.11.20	1.00990	1.01912	1.00672	1.01284	623480	551469020000	0
2016.11.27	1.01210	1.02043	1.00668	1.00953	641904	524819197000	0
2016.12.04	1.01099	1.02131	1.00193	1.01749	479934	335614966000	0
2016.12.11	1.01768	1.03433	1.00830	1.02520	641514	458999761000	0
2016.12.18	1.02603	1.03199	1.02175	1.02507	485533	376388251000	0
2016.12.25	1.02519	1.03209	1.00467	1.01910	485445	388956691000	0
2017.01.01	1.01750	1.03348	1.00864	1.01692	637864	487059867000	0
2017.01.08	1.01700	1.02479	1.00415	1.00752	703843	482566684000	0
2017.01.15	1.00936	1.01359	0.99957	1.00018	644853	530491554000	0
2017.01.22	1.00077	1.00273	0.99569	0.99898	616775	573550929000	0
2017.01.29	0.99649	1.00442	0.98610	0.99176	597783	575577711000	0
2017.02.05	0.99081	1.00619	0.99033	1.00145	540987	481470165000	0
2017.02.12	1.00233	1.01182	0.99648	1.00214	494365	474319862000	0
2017.02.19	1.00230	1.01405	1.00110	1.00667	440504	435251574000	0
2017.02.26	1.00691	1.01458	1.00087	1.00665	477057	458706044000	0
2017.03.05	1.00799	1.01700	1.00724	1.00958	453877	415853910000	0
2017.03.12	1.00983	1.01163	0.99420	0.99826	428540	371551323000	0
2017.03.19	0.99744	1.00021	0.98814	0.99109	415643	363542005000	0
2017.03.26	0.98828	1.00292	0.98131	1.00005	399823	335403046000	0
2017.04.02	1.00137	1.00958	1.00074	1.00821	379893	338117340000	0
2017.04.09	1.00809	1.01074	1.00080	1.00429	335886	290565952000	0
2017.04.16	1.00202	1.00568	0.99401	0.99592	350868	317097479000	0
2017.04.23	0.99003	0.99801	0.98931	0.99445	404813	362507829000	0
2017.04.30	0.99328	0.99648	0.98582	0.98627	352999	339453559000	0
2017.05.07	0.98770	1.00994	0.98712	0.99983	382012	383017154000	0
2017.05.14	0.99976	1.00193	0.97232	0.97232	429557	440899878000	0
2017.05.21	0.97279	0.97761	0.96913	0.97316	406021	421624781000	0
2017.05.28	0.97445	0.98075	0.96135	0.96135	370439	367715355000	0
2017.06.04	0.96283	0.97274	0.96008	0.96901	344762	0	9
2017.06.11	0.96830	0.97703	0.96402	0.97246	334199	0	9
2017.06.18	0.97200	0.97658	0.96751	0.96879	280815	0	9
2017.06.25	0.96847	0.97377	0.95513	0.95767	376409	0	9
2017.07.02	0.95766	0.96879	0.95646	0.96357	323406	0	9
2017.07.09	0.96332	0.97001	0.96020	0.96213	358077	0	9
2017.07.16	0.96253	0.96583	0.94380	0.94521	475098	0	9
2017.07.23	0.94476	0.97264	0.94450	0.96837	538763	0	9
2017.07.30	0.96842	0.97638	0.96307	0.97226	460389	0	9
2017.08.06	0.97263	0.97725	0.95829	0.96135	397199	0	9
2017.08.13	0.96176	0.97651	0.95858	0.96412	397933	0	9
2017.08.20	0.96435	0.96991	0.95501	0.95644	348627	0	9
2017.08.27	0.95445	0.96793	0.94276	0.96459	444097	0	9
2017.09.03	0.95881	0.96171	0.94202	0.94387	472393	0	9
2017.09.10	0.94630	0.97053	0.94568	0.95940	473220	659720000	0
2017.09.17	0.96002	0.97475	0.95805	0.96916	438523	0	0
2017.09.24	0.97071	0.97695	0.96421	0.96777	420484	0	0
2017.10.01	0.96794	0.98365	0.96744	0.97810	322929	0	0
2017.10.08	0.97804	0.98075	0.97052	0.97307	286801	0	0
2017.10.15	0.97391	0.98525	0.97278	0.98427	345807	0	0
2017.10.22	0.98478	1.00379	0.98309	0.99616	421786	0	0
2017.10.29	0.99679	1.00373	0.99384	1.00035	383007	0	0
2017.11.05	0.99945	1.00290	0.99216	0.99567	345399	0	0
2017.11.12	0.99539	0.99870	0.98460	0.98826	346844	0	0
2017.11.19	0.98824	0.99466	0.97581	0.97744	389142	0	0
2017.11.26	0.97886	0.98820	0.97348	0.97625	406368	0	0
2017.12.03	0.98093	0.99777	0.97923	0.99261	440208	0	0
2017.12.10	0.99377	0.99379	0.98398	0.99039	417290	0	0
2017.12.17	0.98870	0.99172	0.98225	0.98810	410811	0	0
2017.12.24	0.98924	0.99153	0.97340	0.97444	272380	0	2
2017.12.31	0.97429	0.97976	0.96994	0.97462	303072	0	0
2018.01.07	0.97501	0.98452	0.96653	0.96726	490014	0	1
2018.01.14	0.96780	0.96848	0.95354	0.96249	606514	0	1
2018.01.21	0.96080	0.96398	0.92888	0.93196	738861	0	1
2018.01.28	0.93343	0.93931	0.92458	0.93141	704668	0	0
2018.02.04	0.93228	0.94700	0.92870	0.93918	813806	0	1
2018.02.11	0.93890	0.94028	0.91875	0.92746	536079	0	1
2018.02.18	0.92691	0.94091	0.92626	0.93634	448893	0	1
2018.02.25	0.93519	0.94903	0.93254	0.93772	489474	0	1
2018.03.04	0.93542	0.95343	0.93455	0.95165	526710	0	1
2018.03.11	0.95100	0.95474	0.94239	0.95204	395155	0	1
2018.03.18	0.95238	0.95693	0.94446	0.94721	537887	0	1
2018.03.25	0.94666	0.95836	0.94331	0.95396	506157	0	1
2018.04.01	0.95201	0.96492	0.95196	0.95897	392815	0	1
2018.04.08	0.95809	0.96465	0.95341	0.96218	261635	0	1
2018.04.15	0.96153	0.97592	0.95771	0.97471	235236	0	1
2018.04.22	0.97384	0.99205	0.97347	0.98761	281440	0	1
2018.04.29	0.98752	1.00224	0.98717	0.99989	323477	0	1
2018.05.06	0.99990	1.00562	0.99763	1.00023	304642	0	1
2018.05.13	0.99949	1.00414	0.99503	0.99754	280265	0	1
2018.05.20	0.99656	1.00014	0.98855	0.99039	297527	0	1
2018.05.27	0.99071	0.99830	0.98259	0.98784	311782	0	1
2018.06.03	0.98792	0.98939	0.97881	0.98519	248925	0	1
2018.06.10	0.98420	0.99880	0.98252	0.99757	245358	0	1
2018.06.17	0.99578	0.99901	0.98731	0.98769	253086	0	1
2018.06.24	0.98760	0.99922	0.98555	0.99040	255850	0	1
2018.07.01	0.99009	0.99654	0.98841	0.98987	278569	0	1
2018.07.08	0.98920	1.00679	0.98577	1.00158	290889	0	1
2018.07.15	1.00109	1.00431	0.99153	0.99240	283490	0	0
2018.07.22	0.99174	0.99775	0.99003	0.99423	286230	0	5
2018.07.29	0.99315	0.99647	0.98666	0.99440	208518	0	5
2018.08.05	0.99292	0.99842	0.98941	0.99532	212481	0	4
2018.08.12	0.99325	0.99820	0.99004	0.99576	239749	0	4
2018.08.19	0.99492	0.99678	0.98076	0.98344	216773	0	4
2018.08.26	0.98381	0.98454	0.96514	0.96857	243631	0	5
2018.09.02	0.96893	0.97667	0.96411	0.96901	225204	0	4
2018.09.09	0.96841	0.97582	0.96340	0.96718	185942	0	4
2018.09.16	0.96735	0.96997	0.95416	0.95776	206310	0	4
2018.09.23	0.95809	0.98190	0.95757	0.98163	202359	0	4
2018.09.30	0.98005	0.99546	0.97969	0.99186	206432	0	6
2018.10.07	0.99177	0.99551	0.98561	0.99174	231905	0	5
2018.10.14	0.98949	0.99770	0.98474	0.99602	238086	0	4
2018.10.21	0.99501	1.00259	0.99371	0.99690	248187	0	3
2018.10.28	0.99664	1.00941	0.99638	1.00335	236666	0	4
2018.11.04	1.00255	1.00851	0.99519	1.00540	208070	0	6
2018.11.11	1.00496	1.01281	0.99907	0.99955	247922	0	4
2018.11.18	0.99908	1.00065	0.99083	0.99654	181640	0	5
2018.11.25	0.99700	1.00054	0.99170	0.99856	209339	0	3
2018.12.02	0.99785	1.00078	0.98892	0.98967	213543	0	5
2018.12.09	0.99010	0.99887	0.98622	0.99806	232143	0	4
2018.12.16	0.99478	0.99849	0.98401	0.99502	282989	0	4
2018.12.23	0.99487	0.99629	0.97895	0.98413	159794	0	5
2018.12.30	0.98214	0.99196	0.97965	0.98623	203414	0	5
2019.01.06	0.98599	0.98718	0.97160	0.98386	278252	0	3
2019.01.13	0.98371	0.99584	0.97998	0.99552	188406	0	5
2019.01.20	0.99330	0.99894	0.99214	0.99311	249785	0	6
2019.01.27	0.99278	0.99944	0.99048	0.99531	294234	0	6
2019.02.03	0.99399	1.00282	0.99356	1.00000	237396	0	5
2019.02.10	0.99994	1.00975	0.99734	1.00491	218140	0	4
2019.02.17	1.00454	1.00601	0.99808	1.00045	242797	0	3
2019.02.24	0.99885	1.00190	0.99257	0.99893	255546	0	4
2019.03.03	0.99717	1.01236	0.99717	1.00791	253390	0	6
2019.03.10	1.00748	1.01190	1.00101	1.00199	245788	0	3
2019.03.17	1.00187	1.00245	0.98939	0.99325	309904	0	5
2019.03.24	0.99368	0.99738	0.99047	0.99504	335730	0	5
2019.03.31	0.99456	1.00118	0.99297	1.00001	239960	0	5
2019.04.07	0.99931	1.00457	0.99773	1.00249	218417	0	4
2019.04.14	1.00112	1.01588	1.00085	1.01405	205481	0	3
2019.04.21	1.01405	1.02367	1.01324	1.01954	193460	0	4
2019.04.28	1.01953	1.02148	1.01261	1.01632	212578	0	4
2019.05.05	1.01572	1.02256	1.01005	1.01153	243202	0	3
2019.05.12	1.01068	1.01212	1.00494	1.01088	193793	0	5
2019.05.19	1.01011	1.01204	1.00079	1.00161	191923	0	5
2019.05.26	1.00167	1.00975	1.00003	1.00066	190216	0	4
2019.06.02	1.00137	1.00168	0.98534	0.98745	284492	0	4
2019.06.09	0.98843	0.99946	0.98842	0.99821	225576	0	5
2019.06.16	0.99818	1.00141	0.97556	0.97617	316735	0	4
2019.06.23	0.97524	0.98135	0.96933	0.97616	280857	0	3
2019.06.30	0.97617	0.99313	0.97617	0.99152	211967	0	4
2019.07.07	0.99110	0.99514	0.98360	0.98399	195397	0	3
2019.07.14	0.98290	0.99075	0.98055	0.98146	179056	0	2
2019.07.21	0.98279	0.99460	0.98038	0.99317	169407	0	3
2019.07.28	0.99242	0.99755	0.98143	0.98225	272742	0	3
2019.08.04	0.98329	0.98358	0.96918	0.97241	375050	0	3
2019.08.11	0.97245	0.98087	0.96592	0.97853	407860	0	2
2019.08.18	0.97658	0.98769	0.97352	0.97471	286615	0	3
2019.08.25	0.97241	0.99176	0.97133	0.98956	388086	0	2
2019.09.01	0.98929	0.99286	0.97977	0.98757	324626	0	2
2019.09.08	0.98670	0.99462	0.98540	0.99002	262259	0	2
2019.09.15	0.98998	0.99834	0.98647	0.99090	230102	0	2
2019.09.22	0.99181	0.99487	0.98434	0.99087	242204	0	2
2019.09.29	0.99032	1.00274	0.99032	0.99522	254407	0	2
2019.10.06	0.99298	0.99904	0.99044	0.99644	253804	0	2
2019.10.13	0.99613	0.99956	0.98403	0.98403	217780	0	2
2019.10.20	0.98396	0.99546	0.98396	0.99434	176973	0	2
2019.10.27	0.99407	0.99697	0.98507	0.98555	172801	0	2
2019.11.03	0.98405	0.99787	0.98405	0.99710	176105	0	1
2019.11.10	0.99707	0.99768	0.98701	0.98946	130045	0	1
2019.11.17	0.98771	0.99799	0.98682	0.99705	143317	0	1
2019.11.24	0.99779	1.00230	0.99598	0.99970	118973	0	1
2019.12.01	0.99973	1.00084	0.98549	0.99001	139264	0	1
2019.12.08	0.98964	0.99101	0.98048	0.98418	163407	0	1
2019.12.15	0.98276	0.98465	0.97702	0.98256	130362	0	1
2019.12.22	0.98264	0.98310	0.97297	0.97469	85134	0	2
2019.12.29	0.97407	0.97594	0.96460	0.97240	108357	0	1
2020.01.05	0.97058	0.97621	0.96652	0.97283	137865	0	1
2020.01.12	0.97214	0.97364	0.96130	0.96770	115750	0	1
2020.01.19	0.96748	0.97289	0.96612	0.97103	115391	0	1
2020.01.26	0.97005	0.97667	0.96291	0.96333	124667	0	1
2020.02.02	0.96303	0.97813	0.96297	0.97761	146556	0	1
2020.02.09	0.97627	0.98222	0.97411	0.98214	149454	0	1
2020.02.16	0.98146	0.98485	0.97709	0.97822	128296	0	1
2020.02.23	0.97964	0.98157	0.96102	0.96534	260271	0	1
2020.03.01	0.96290	0.96550	0.93183	0.93745	272535	0	1
2020.03.08	0.93241	0.95691	0.91831	0.95127	371717	0	1
2020.03.15	0.94787	0.99004	0.93919	0.98549	532473	0	1
2020.03.22	0.98390	0.98997	0.95052	0.95064	318310	0	1
2020.03.29	0.95280	0.97958	0.95001	0.97636	223514	0	1
2020.04.05	0.97554	0.97971	0.96399	0.96495	174706	0	1
2020.04.12	0.96511	0.97240	0.95929	0.96699	168839	0	1
2020.04.19	0.96647	0.98027	0.96556	0.97295	161288	0	1
2020.04.26	0.97230	0.97997	0.95888	0.96110	148289	0	1
2020.05.03	0.96170	0.97843	0.96111	0.97098	133737	0	1
2020.05.10	0.97223	0.97553	0.96649	0.97195	132336	0	1
2020.05.17	0.97222	0.97608	0.96383	0.97120	116809	0	1
2020.05.24	0.97122	0.97361	0.96018	0.96120	132105	0	1
2020.05.31	0.96139	0.96506	0.95421	0.96224	157698	0	1
2020.06.07	0.96198	0.96392	0.93762	0.95196	153362	0	1
2020.06.14	0.95289	0.95469	0.94636	0.95242	145210	0	1
2020.06.21	0.95136	0.95271	0.94203	0.94828	120934	0	1
2020.06.28	0.94753	0.95325	0.94266	0.94380	109904	0	1
2020.07.05	0.94521	0.94534	0.93625	0.94134	107553	0	1
2020.07.12	0.94048	0.94678	0.93702	0.93876	103941	0	1
2020.07.19	0.93996	0.94102	0.92075	0.92084	122297	0	1
2020.07.26	0.92107	0.92300	0.90563	0.91387	155019	0	1
2020.08.02	0.91375	0.92403	0.90505	0.91254	148256	0	1
2020.08.09	0.91258	0.91978	0.90821	0.90915	131668	0	1
2020.08.16	0.90919	0.91616	0.90100	0.91177	132000	0	1
2020.08.23	0.91159	0.91278	0.90243	0.90406	145059	0	1
2020.08.30	0.90385	0.91634	0.89986	0.91335	158118	0	1
2020.09.06	0.91328	0.92004	0.90491	0.90887	127088	0	1
2020.09.13	0.90897	0.91396	0.90514	0.91126	130916	0	1
2020.09.20	0.91033	0.92964	0.90872	0.92896	153374	0	1
2020.09.27	0.92831	0.92954	0.91626	0.92056	146016	0	1
2020.10.04	0.91939	0.91999	0.90943	0.90959	107390	0	1
2020.10.11	0.91059	0.91626	0.90873	0.91492	101694	0	1
2020.10.18	0.91451	0.91653	0.90306	0.90412	107598	0	1
2020.10.25	0.90445	0.91728	0.90395	0.91672	116460	0	1
2020.11.01	0.91585	0.92076	0.89825	0.90029	143614	0	1
2020.11.08	0.89868	0.91918	0.89835	0.91263	139385	0	1
2020.11.15	0.91254	0.91513	0.90882	0.91090	115030	0	1
2020.11.22	0.91065	0.91478	0.90407	0.90453	110979	0	1
2020.11.29	0.90428	0.90931	0.88856	0.89187	115946	0	1
2020.12.06	0.89046	0.89466	0.88515	0.88950	110647	0	1
2020.12.13	0.88867	0.88957	0.88224	0.88318	108479	0	1
2020.12.20	0.88479	0.89190	0.88405	0.89028	95952	0	1
2020.12.27	0.88905	0.89189	0.87947	0.88489	83894	0	1
2021.01.03	0.88302	0.88846	0.87577	0.88526	149200	0	1
2021.01.10	0.88557	0.89204	0.88470	0.89133	130687	0	1
2021.01.17	0.88996	0.89257	0.88386	0.88518	111732	0	1
2021.01.24	0.88558	0.89186	0.88478	0.89091	132530	0	1
2021.01.31	0.88991	0.90458	0.88946	0.89901	119947	0	1
2021.02.07	0.89902	0.90198	0.88903	0.89195	99222	0	1
2021.02.14	0.89124	0.89955	0.88712	0.89659	105100	0	1
2021.02.21	0.89601	0.91020	0.89486	0.90863	149162	0	1
2021.02.28	0.90791	0.93191	0.90710	0.93127	138854	0	1
2021.03.07	0.92845	0.93754	0.92305	0.92914	125716	0	1
2021.03.14	0.92815	0.93200	0.92137	0.92922	115037	0	1
2021.03.21	0.92973	0.94179	0.92227	0.93875	97826	0	1
2021.03.28	0.93852	0.94728	0.93702	0.94168	92211	0	1
2021.04.04	0.94221	0.94387	0.92325	0.92452	89696	0	1
2021.04.11	0.92505	0.92683	0.91792	0.91990	99096	0	1
2021.04.18	0.91948	0.92152	0.91281	0.91363	95326	0	1
2021.04.25	0.91319	0.91817	0.90802	0.91306	97921	0	1
2021.05.02	0.91197	0.91645	0.90045	0.90057	98491	0	1
2021.05.09	0.90062	0.90939	0.89857	0.90164	118118	0	1
2021.05.16	0.90175	0.90474	0.89537	0.89773	107647	0	1
2021.05.23	0.89799	0.90298	0.89309	0.90018	106370	0	1
2021.05.30	0.89952	0.90538	0.89471	0.89913	88053	0	1
2021.06.06	0.89913	0.90102	0.89262	0.89810	85332	0	1
2021.06.13	0.89810	0.92389	0.89656	0.92341	112750	0	1
2021.06.20	0.92189	0.92369	0.91426	0.91679	110013	0	1
2021.06.27	0.91738	0.92747	0.91668	0.92068	106477	0	1
2021.07.04	0.92050	0.92675	0.91335	0.91379	114540	0	1
2021.07.11	0.91430	0.92037	0.91178	0.91945	109905	0	1
2021.07.18	0.91838	0.92327	0.91549	0.91973	114655	0	1
2021.07.25	0.91950	0.92024	0.90394	0.90513	101488	0	1
2021.08.01	0.90487	0.91564	0.90186	0.91502	92247	0	1
2021.08.08	0.91425	0.92421	0.91390	0.91525	80966	0	1
2021.08.15	0.91588	0.92069	0.90998	0.91696	97281	0	1
2021.08.22	0.91652	0.91997	0.91061	0.91109	95384	0	1
2021.08.29	0.91175	0.91893	0.91013	0.91393	96195	0	1
2021.09.05	0.91301	0.92347	0.91176	0.91811	100377	0	1
2021.09.12	0.91797	0.93247	0.91637	0.93227	103023	0	1
2021.09.19	0.93176	0.93329	0.92156	0.92440	108738	0	1
2021.09.26	0.92409	0.93683	0.92347	0.93048	144826	0	1
2021.10.03	0.92999	0.93107	0.92304	0.92711	146644	0	3
2021.10.10	0.92702	0.93131	0.91943	0.92308	127052	0	2
2021.10.17	0.92296	0.92731	0.91509	0.91603	135292	0	3
2021.10.24	0.91593	0.92261	0.91024	0.91511	153296	0	3
2021.10.31	0.91573	0.91751	0.90851	0.91211	157080	0	3
2021.11.07	0.91236	0.92378	0.91017	0.92118	141425	0	3
2021.11.14	0.92086	0.93295	0.91871	0.92885	152195	0	3
2021.11.21	0.92819	0.93737	0.92151	0.92391	169780	0	3
2021.11.28	0.92312	0.92727	0.91572	0.91794	201882	0	3
2021.12.05	0.91775	0.92749	0.91691	0.92066	145285	0	3
2021.12.12	0.92071	0.92942	0.91744	0.92418	144780	0	3
2021.12.19	0.92389	0.92541	0.91664	0.91845	126559	0	3
2021.12.26	0.91838	0.92014	0.91018	0.91183	95626	0	3
2022.01.02	0.91097	0.92324	0.91072	0.91836	136580	0	3
2022.01.09	0.91860	0.92779	0.90918	0.91379	158134	0	3
2022.01.16	0.91265	0.91811	0.91079	0.91198	152861	0	3
2022.01.23	0.91125	0.93378	0.91090	0.93103	161390	0	3
2022.01.30	0.93067	0.93429	0.91770	0.92550	146311	0	3
2022.02.06	0.92502	0.92971	0.92214	0.92436	160823	0	3
2022.02.13	0.92481	0.92736	0.91885	0.92124	163245	0	3
2022.02.20	0.92075	0.92889	0.91501	0.92534	215156	0	3
2022.02.27	0.92675	0.92781	0.91500	0.91692	227026	0	3
2022.03.06	0.91674	0.93497	0.91652	0.93485	191278	0	3
2022.03.13	0.93386	0.94602	0.93138	0.93169	147141	0	3
2022.03.20	0.93200	0.93755	0.92601	0.93042	158943	0	3
2022.03.27	0.93012	0.93813	0.91949	0.92566	228576	0	3
2022.04.03	0.92555	0.93737	0.92373	0.93411	184939	0	3
2022.04.10	0.93175	0.94439	0.92865	0.94275	194727	0	3
2022.04.17	0.94198	0.95928	0.94182	0.95667	219864	0	3
2022.04.24	0.95637	0.97590	0.95469	0.97345	260219	0	3
2022.05.01	0.97087	0.98921	0.97038	0.98851	188696	0	3
2022.05.08	0.98671	1.00491	0.98670	1.00203	244754	0	3
2022.05.15	1.00090	1.00643	0.96939	0.97458	216722	0	3
2022.05.22	0.97427	0.97512	0.95447	0.95722	205462	0	3
2022.05.29	0.95646	0.96589	0.95522	0.96286	185386	0	3
2022.06.05	0.96188	0.98980	0.96054	0.98725	200094	0	3
2022.06.12	0.98757	1.00497	0.96200	0.96961	362517	0	3
2022.06.19	0.97008	0.97120	0.95216	0.95859	285830	0	3
2022.06.26	0.95675	0.96416	0.94951	0.95965	290492	0	3
2022.07.03	0.96026	0.97974	0.95615	0.97650	312006	0	3
2022.07.10	0.97592	0.98857	0.97566	0.97648	344385	0	3
2022.07.17	0.97633	0.97898	0.95998	0.96354	313809	0	3
2022.07.24	0.96228	0.96675	0.95020	0.95134	289775	0	3
2022.07.31	0.95200	0.96512	0.94705	0.96170	298912	0	3
2022.08.07	0.96135	0.96348	0.93704	0.94139	233718	0	3
2022.08.14	0.94098	0.95980	0.94059	0.95883	242136	0	3
2022.08.21	0.95787	0.96924	0.95738	0.96586	230235	0	2
2022.08.28	0.96586	0.98608	0.96518	0.98122	232055	0	2
2022.09.04	0.98109	0.98694	0.95472	0.96054	243187	0	2
2022.09.11	0.95809	0.96611	0.94794	0.96428	235437	0	2
2022.09.18	0.96276	0.98496	0.96198	0.98136	266348	0	2
2022.09.25	0.98217	0.99657	0.97381	0.98728	388257	0	2
2022.10.02	0.98427	0.99534	0.97804	0.99441	316927	0	2
2022.10.09	0.99314	1.00737	0.99156	1.00544	414501	0	2
2022.10.16	1.00429	1.01477	0.99188	0.99779	415556	0	2
2022.10.23	0.99589	1.00314	0.98413	0.99605	478391	0	2
2022.10.30	0.99589	1.01474	0.99108	0.99429	407110	0	2
2022.11.06	0.99845	0.99845	0.93974	0.94114	435342	0	2
2022.11.13	0.94164	0.95574	0.93565	0.95460	438008	0	2
2022.11.20	0.95335	0.95983	0.93872	0.94582	338396	0	2
2022.11.27	0.94649	0.95474	0.93263	0.93682	458543	0	2
2022.12.04	0.93654	0.94559	0.93119	0.93440	360853	0	2
2022.12.11	0.93321	0.93797	0.92146	0.93396	398787	0	2
2022.12.18	0.93282	0.93470	0.92264	0.93303	370506	0	2
2022.12.25	0.93117	0.93304	0.92003	0.92474	231737	0	2
2023.01.01	0.92337	0.94085	0.92109	0.92804	373616	0	2
2023.01.08	0.92733	0.93618	0.91668	0.92624	373328	0	2
2023.01.15	0.92603	0.92882	0.90851	0.92029	382834	0	2
2023.01.22	0.91862	0.92793	0.91581	0.92102	326043	0	2
2023.01.29	0.92060	0.92880	0.90592	0.92613	358334	0	2
2023.02.05	0.92750	0.92908	0.91604	0.92372	342139	0	2
2023.02.12	0.92319	0.93321	0.91368	0.92421	365136	0	2
2023.02.19	0.92532	0.94122	0.92204	0.94098	305338	0	2
2023.02.26	0.93943	0.94400	0.93413	0.93620	281062	0	2
2023.03.05	0.93616	0.94387	0.91745	0.92138	327031	0	2
2023.03.12	0.91811	0.93398	0.90711	0.92602	622123	0	2
2023.03.19	0.92603	0.93168	0.91181	0.91978	418934	0	2
2023.03.26	0.91757	0.92229	0.91156	0.91516	281815	0	2
2023.04.02	0.91568	0.91958	0.90055	0.90479	245399	0	2
2023.04.09	0.90445	0.91202	0.88596	0.89391	218885	0	2
2023.04.16	0.89412	0.90029	0.89075	0.89213	214048	0	2
2023.04.23	0.89244	0.89761	0.88517	0.89463	245433	0	2
2023.04.30	0.89253	0.89949	0.88198	0.89054	278246	0	2
2023.05.07	0.89055	0.89875	0.88676	0.89821	217905	0	2
2023.05.14	0.89644	0.90625	0.89198	0.89929	220127	0	2
2023.05.21	0.89860	0.90743	0.89408	0.90494	253598	0	2
2023.05.28	0.90511	0.91474	0.90141	0.90887	226612	0	2
2023.06.04	0.90768	0.91193	0.89845	0.90292	207829	0	2
2023.06.11	0.90295	0.91091	0.89013	0.89381	217663	0	2
2023.06.18	0.89368	0.90129	0.89060	0.89668	271643	0	2
2023.06.25	0.89581	0.90166	0.89113	0.89495	258269	0	2
2023.07.02	0.89402	0.90040	0.88758	0.88916	226261	0	2
2023.07.09	0.88808	0.89177	0.85657	0.86186	244041	0	2
2023.07.16	0.85991	0.86841	0.85544	0.86585	249112	0	2
2023.07.23	0.86525	0.87362	0.85522	0.87052	301439	0	2
2023.07.30	0.87052	0.88059	0.86654	0.87268	282976	0	2
2023.08.06	0.87126	0.87828	0.86899	0.87648	236941	0	2
2023.08.13	0.87629	0.88275	0.87439	0.88261	271665	0	2
2023.08.20	0.88261	0.88760	0.87598	0.88453	256069	0	2
2023.08.27	0.88448	0.88635	0.87447	0.88574	279358	0	2
2023.09.03	0.88514	0.89444	0.88323	0.89295	287871	0	50
2023.09.10	0.89134	0.89774	0.88965	0.89740	325585	0	50
2023.09.17	0.89561	0.90782	0.89316	0.90707	302501	0	50
2023.09.24	0.90553	0.92248	0.90550	0.91516	358520	0	50
2023.10.01	0.91452	0.92441	0.90728	0.91000	441896	0	50
2023.10.08	0.90882	0.91233	0.89864	0.90247	531445	0	50
2023.10.15	0.90085	0.90419	0.89021	0.89231	438121	0	50
2023.10.22	0.89108	0.90345	0.88877	0.90211	418750	0	50
2023.10.29	0.90057	0.91119	0.89648	0.89941	439452	0	50
2023.11.05	0.89844	0.90457	0.89530	0.90246	387987	0	50
2023.11.12	0.90183	0.90520	0.88520	0.88566	358509	0	50
2023.11.19	0.88570	0.88743	0.88081	0.88181	356584	0	50
2023.11.26	0.88165	0.88278	0.86788	0.86927	463921	0	50
2023.12.03	0.86916	0.88204	0.86664	0.88004	384025	0	2
2023.12.10	0.88010	0.88158	0.86300	0.87014	346213	0	2
2023.12.17	0.86903	0.87112	0.85137	0.85574	323718	0	2
2023.12.24	0.85457	0.85798	0.83324	0.84131	243525	0	2
2023.12.31	0.83969	0.85766	0.83875	0.85053	307189	0	2
2024.01.07	0.84881	0.85658	0.84600	0.85266	317757	0	2
2024.01.14	0.85203	0.87043	0.85175	0.86805	334571	0	2
2024.01.21	0.86813	0.87280	0.86062	0.86393	333130	0	2
2024.01.28	0.86464	0.86806	0.85506	0.86677	377089	0	2
2024.02.04	0.86621	0.87619	0.86513	0.87455	348784	0	2
2024.02.11	0.87451	0.88856	0.87261	0.88096	333908	0	2
2024.02.18	0.88011	0.88377	0.87421	0.88125	292730	0	2
2024.02.25	0.87942	0.88925	0.87790	0.88301	317999	0	2
2024.03.03	0.88273	0.88663	0.87295	0.87740	321248	0	2
2024.03.10	0.87583	0.88525	0.87468	0.88352	323777	0	2
2024.03.17	0.88297	0.90198	0.88214	0.89726	353721	0	2
2024.03.24	0.89664	0.90714	0.89652	0.90101	292367	0	2
2024.03.31	0.90108	0.90954	0.89976	0.90223	297029	0	2
2024.04.07	0.90106	0.91472	0.90021	0.91438	364475	0	2
2024.04.14	0.91187	0.91519	0.90110	0.91013	398600	0	2
2024.04.21	0.90946	0.91565	0.90867	0.91443	311573	0	2
2024.04.28	0.91359	0.92242	0.90056	0.90493	326979	0	2
2024.05.05	0.90485	0.90987	0.90357	0.90649	187053	0	2
2024.05.12	0.90589	0.91021	0.89880	0.90908	257593	0	2
2024.05.19	0.90870	0.91581	0.90778	0.91472	253091	0	2
2024.05.26	0.91355	0.91536	0.90022	0.90234	277804	0	2
2024.06.02	0.90243	0.90355	0.88808	0.89660	269006	0	2
2024.06.09	0.89614	0.89930	0.88931	0.89025	205641	0	3
2024.06.16	0.88979	0.89443	0.88265	0.89421	166173	0	2
2024.06.23	0.89306	0.90096	0.89127	0.89864	183261	0	2
2024.06.30	0.89725	0.90502	0.89537	0.89571	209474	0	2
2024.07.07	0.89560	0.90007	0.89151	0.89445	220157	0	2
2024.07.14	0.89366	0.89789	0.88196	0.88886	239535	0	2
2024.07.21	0.88762	0.89238	0.87768	0.88383	268399	0	2
2024.07.28	0.88317	0.88754	0.85737	0.85795	351085	0	2
2024.08.04	0.85773	0.86740	0.84321	0.86521	571789	0	2
2024.08.11	0.86377	0.87485	0.86172	0.86618	319818	0	2
2024.08.18	0.86527	0.86774	0.84704	0.84766	331599	0	2
2024.08.25	0.84716	0.85103	0.83999	0.84993	303387	0	2
2024.09.01	0.84904	0.85375	0.83744	0.84320	344141	0	2
2024.09.08	0.84425	0.85495	0.84209	0.84902	355293	0	2
2024.09.15	0.84718	0.85168	0.83904	0.85029	382498	0	2
2024.09.22	0.84905	0.85178	0.84015	0.84036	387237	0	2
2024.09.29	0.84041	0.86078	0.84004	0.85808	397550	0	2
2024.10.06	0.85818	0.86132	0.85300	0.85724	304566	0	2
2024.10.13	0.85649	0.86697	0.85646	0.86475	237622	0	2
2024.10.20	0.86447	0.86858	0.86329	0.86668	237506	0	2
2024.10.27	0.86714	0.87107	0.86316	0.86976	291195	0	2
2024.11.03	0.86705	0.87740	0.86148	0.87547	387561	0	2
2024.11.10	0.87547	0.89175	0.87475	0.88839	332946	0	2
2024.11.17	0.88708	0.89575	0.88008	0.89427	326199	0	4
2024.11.24	0.89000	0.89168	0.87951	0.88118	352357	0	3
2024.12.01	0.87984	0.88895	0.87334	0.87820	307604	0	4
2024.12.08	0.87821	0.89455	0.87585	0.89264	284637	0	4
2024.12.15	0.89271	0.90216	0.88984	0.89312	330063	0	5
2024.12.22	0.89172	0.90272	0.89102	0.90222	157433	0	5
2024.12.29	0.90074	0.91370	0.90034	0.90871	185410	0	3
2025.01.05	0.90825	0.91883	0.90082	0.91611	269547	0	3
2025.01.12	0.91588	0.92006	0.90773	0.91452	243371	0	2
2025.01.19	0.91288	0.91519	0.90272	0.90581	258353	0	3
2025.01.26	0.90581	0.91156	0.89649	0.91108	273616	0	3
2025.02.02	0.91376	0.91966	0.90015	0.91000	277552	0	2
2025.02.09	0.91022	0.91558	0.89720	0.89961	217492	0	2
2025.02.16	0.89801	0.90544	0.89677	0.89790	184581	0	2
2025.02.23	0.89706	0.90359	0.89121	0.90281	231023	0	2
2025.03.02	0.90209	0.90311	0.87669	0.87975	310157	0	5
2025.03.09	0.87927	0.88637	0.87580	0.88506	236851	0	2
2025.03.16	0.88438	0.88530	0.87556	0.88331	188587	0	5
2025.03.23	0.88255	0.88503	0.87994	0.88083	166455	0	5
2025.03.30	0.87913	0.88549	0.84766	0.86040	325372	0	5
2025.04.06	0.85442	0.86739	0.80992	0.81488	630915	0	5
2025.04.13	0.81759	0.82684	0.81157	0.81567	520520	0	5
2025.04.20	0.81628	0.83343	0.80396	0.82827	321644	0	5
2025.04.27	0.82900	0.83330	0.81945	0.82656	266812	0	5
2025.05.04	0.82408	0.83410	0.81854	0.83129	265189	0	5
2025.05.11	0.83439	0.84760	0.83244	0.83683	308383	0	5
2025.05.18	0.83546	0.83655	0.82043	0.82085	314956	0	5
2025.05.25	0.82005	0.83478	0.81876	0.82312	277609	0	5
2025.06.01	0.82256	0.82497	0.81568	0.82222	269837	0	5
2025.06.08	0.82150	0.82418	0.80558	0.81140	259843	0	5
2025.06.15	0.81108	0.82151	0.80887	0.81780	241794	0	5
2025.06.22	0.81638	0.81946	0.79575	0.79841	267021	0	5
2025.06.29	0.79816	0.79943	0.78719	0.79384	238837	0	5
2025.07.06	0.79348	0.79945	0.79194	0.79647	184589	0	5
2025.07.13	0.79660	0.80641	0.79470	0.80146	189553	0	5
2025.07.20	0.79885	0.80222	0.79107	0.79530	194645	0	5
2025.07.27	0.79472	0.81711	0.79442	0.80338	245417	0	5
2025.08.03	0.80349	0.81176	0.80251	0.80810	224134	0	5
2025.08.10	0.80766	0.81318	0.80220	0.80659	227772	0	5
2025.08.17	0.80415	0.81037	0.79999	0.80122	203678	0	5
2025.08.24	0.80032	0.80764	0.79854	0.80051	209408	0	5
2025.08.31	0.79827	0.80717	0.79558	0.79802	231627	0	5
2025.09.07	0.79806	0.80048	0.79152	0.79655	179818	0	5
2025.09.14	0.79595	0.79727	0.78290	0.79561	180624	0	5
2025.09.21	0.79319	0.80138	0.79031	0.79797	195420	0	5
2025.09.28	0.79676	0.79999	0.79283	0.79532	184122	0	3
2025.10.05	0.79530	0.80759	0.79433	0.79956	180271	0	3
2025.10.12	0.80016	0.80577	0.78728	0.79341	224708	0	3
2025.10.19	0.79099	0.79867	0.79059	0.79542	177708	0	3
2025.10.26	0.79603	0.80514	0.79241	0.80477	182479	0	3
2025.11.02	0.80301	0.81242	0.80262	0.80512	166063	0	3
2025.11.09	0.80419	0.80727	0.78779	0.79401	188874	0	3
2025.11.16	0.79333	0.80986	0.79306	0.80827	217938	0	3
2025.11.23	0.80672	0.81018	0.80262	0.80298	228933	0	3
2025.11.30	0.80321	0.80549	0.79904	0.80461	151513	0	3
2025.12.07	0.80317	0.80854	0.79242	0.79611	189514	0	3
2025.12.14	0.79468	0.79875	0.79166	0.79556	193270	0	3
2025.12.21	0.79379	0.79590	0.78614	0.78939	158404	0	3
2025.12.28	0.78794	0.79422	0.78732	0.79240	151276	0	3
2026.01.04	0.79099	0.80176	0.79060	0.80106	206672	0	3
2026.01.11	0.79968	0.80406	0.79557	0.80306	201260	0	3
2026.01.18	0.80091	0.80219	0.77884	0.78016	238741	0	3
2026.01.25	0.77485	0.77938	0.76046	0.77293	371314	0	3
2026.02.01	0.77200	0.78173	0.77142	0.77573	273565	0	3
2026.02.08	0.77448	0.77715	0.76290	0.76756	243797	0	3
2026.02.15	0.76751	0.77721	0.76696	0.77509	185866	0	3
2026.02.22	0.77354	0.77681	0.76715	0.76950	212796	0	3
2026.03.01	0.76714	0.78785	0.76699	0.77599	382840	0	3
2026.03.08	0.77924	0.79167	0.77480	0.79141	339051	0	3
2026.03.15	0.78923	0.79579	0.78413	0.78786	275643	0	3
2026.03.22	0.78790	0.79933	0.78344	0.79888	324516	0	3
2026.03.29	0.79559	0.80422	0.79049	0.80020	206822	0	3
