<DATE>	<OPEN>	<HIGH>	<LOW>	<CLOSE>	<TICKVOL>	<VOL>	<SPREAD>
2010.01.01	1094.61	1161.63	1074.01	1080.67	1249312	0	0
2010.02.01	1082.66	1130.75	1044.46	1117.30	1430060	0	0
2010.03.01	1117.83	1144.62	1085.05	1112.89	1152440	0	0
2010.04.01	1112.98	1181.41	1111.45	1178.72	1170076	0	0
2010.05.01	1177.78	1249.12	1157.62	1216.00	1365005	0	0
2010.06.01	1216.65	1265.02	1196.80	1242.13	965654	0	0
2010.07.01	1242.53	1243.73	1157.00	1180.55	593822	0	0
2010.08.01	1181.13	1249.70	1174.53	1247.20	512124	0	0
2010.09.01	1247.40	1315.59	1236.50	1307.94	751568	0	0
2010.10.01	1307.35	1387.03	1306.72	1359.00	1288990	0	0
2010.11.01	1361.20	1424.30	1325.55	1386.40	678418	0	0
2010.12.01	1383.20	1430.88	1361.19	1418.19	810786	0	0
2011.01.01	1415.71	1423.77	1307.88	1332.40	1406395	0	0
2011.02.01	1332.31	1417.94	1324.82	1411.12	1453909	0	50
2011.03.01	1410.87	1447.40	1380.88	1431.90	1390544	0	50
2011.04.01	1432.48	1569.00	1412.74	1563.30	283920	0	0
2011.05.01	1547.25	1575.13	1462.35	1535.30	529359	0	50
2011.06.01	1535.05	1557.86	1490.96	1500.61	732119	0	50
2011.07.01	1500.75	1632.35	1478.05	1626.35	1363959	0	0
2011.08.01	1610.20	1911.63	1607.88	1823.95	1485743	0	0
2011.09.01	1824.75	1920.61	1531.94	1623.65	1421458	0	50
2011.10.01	1623.68	1752.22	1595.65	1713.95	1152569	0	0
2011.11.01	1710.93	1802.79	1666.33	1746.45	1139028	0	50
2011.12.01	1747.83	1763.03	1522.64	1563.83	1121472	0	50
2012.01.01	1567.37	1747.52	1566.07	1737.99	1185142	0	40
2012.02.01	1738.07	1790.56	1685.96	1695.93	1111893	0	40
2012.03.01	1716.46	1724.10	1628.08	1667.11	1332187	148133718	0
2012.04.01	1671.34	1683.46	1612.39	1664.43	2630202	832328487	25
2012.05.01	1664.55	1671.45	1526.96	1561.06	3213647	989345530	32
2012.06.01	1559.49	1640.63	1544.92	1597.07	2706732	832938757	29
2012.07.01	1597.61	1629.38	1554.94	1614.01	2249664	678457234	0
2012.08.01	1614.74	1692.78	1583.83	1691.36	2144208	648794289	25
2012.09.01	1689.15	1787.39	1685.35	1771.96	2799259	739371257	12
2012.10.01	1769.47	1795.87	1698.50	1720.32	3193994	853078411	10
2012.11.01	1719.89	1754.28	1672.63	1714.61	3184010	848914603	0
2012.12.01	1714.96	1723.27	1635.44	1676.12	2569332	685585082	11
2013.01.01	1673.25	1696.10	1625.80	1663.47	2829394	755286506	0
2013.02.01	1663.93	1684.97	1555.04	1580.13	3428310	934697962	0
2013.03.01	1580.61	1616.84	1561.41	1596.10	2745720	741007921	1
2013.04.01	1600.84	1603.92	1321.54	1476.08	4977964	1339100487	2
2013.05.01	1475.67	1488.08	1337.95	1388.13	5322131	1402658567	4
2013.06.01	1389.50	1423.89	1180.17	1234.20	4950524	1300967183	6
2013.07.01	1235.51	1346.68	1208.14	1324.66	4422042	1210478475	0
2013.08.01	1324.21	1433.73	1272.80	1394.95	4351922	1194077057	11
2013.09.01	1391.41	1416.35	1291.79	1328.30	3967071	1055142076	0
2013.10.01	1327.47	1361.77	1251.67	1322.87	3275282	1160480021	0
2013.11.01	1323.33	1327.45	1226.77	1252.92	1352730	754327901	0
2013.12.01	1249.50	1267.76	1182.42	1206.79	1414130	815003075	26
2014.01.01	1225.12	1278.93	1213.57	1243.81	1344236	679184530	0
2014.02.01	1243.65	1345.32	1240.76	1325.97	1255968	719254949	0
2014.03.01	1335.44	1388.91	1282.38	1283.87	1403093	524623789	0
2014.04.01	1284.67	1331.04	1268.41	1291.12	1266920	654370994	21
2014.05.01	1291.30	1315.55	1242.15	1249.00	1311104	497743940	3
2014.06.01	1249.56	1329.34	1240.56	1326.86	1167966	470613051	19
2014.07.01	1326.64	1345.05	1280.48	1282.69	1138869	550537895	0
2014.08.01	1283.12	1322.53	1272.61	1286.71	1149922	568314952	0
2014.09.01	1287.47	1289.71	1204.31	1207.98	1411547	620062160	34
2014.10.01	1208.21	1255.13	1161.42	1171.52	1481559	623577031	0
2014.11.01	1167.31	1207.63	1131.44	1165.88	1498027	706793704	10
2014.12.01	1158.49	1238.25	1141.74	1188.37	1921109	883782000	13
2015.01.01	1186.94	1307.53	1167.33	1283.00	1760201	866436037	26
2015.02.01	1280.42	1285.55	1190.30	1212.87	1435598	672726202	25
2015.03.01	1213.85	1223.18	1142.70	1183.38	1526480	648537657	22
2015.04.01	1183.76	1224.13	1175.14	1183.97	1557895	1039552369	22
2015.05.01	1184.55	1232.22	1169.66	1190.66	1416826	782872709	23
2015.06.01	1190.47	1205.68	1162.63	1171.88	1447426	935250001	24
2015.07.01	1174.14	1175.00	1069.72	1095.60	1708323	1071061218	24
2015.08.01	1095.72	1170.01	1080.94	1134.65	2182656	1580248999	24
2015.09.01	1134.60	1156.65	1098.71	1114.46	1913907	1382764992	0
2015.10.01	1115.56	1191.44	1104.59	1141.74	2073690	1450021827	18
2015.11.01	1141.45	1142.94	1052.67	1064.28	2017618	1372695504	24
2015.12.01	1064.81	1088.78	1046.23	1060.91	2275526	1484947468	0
2016.01.01	1064.88	1127.94	1061.66	1117.96	2990559	1865400388	0
2016.02.01	1115.86	1263.34	1115.86	1237.92	3294190	2156003792	24
2016.03.01	1239.05	1283.36	1208.15	1232.61	2328276	1640625750	18
2016.04.01	1231.56	1296.62	1208.93	1293.85	1745271	1300777113	14
2016.05.01	1292.65	1303.65	1199.62	1215.39	1993242	1559522444	17
2016.06.01	1216.02	1358.25	1205.91	1321.57	2354061	1606105939	21
2016.07.01	1322.58	1375.05	1310.77	1350.80	3164565	2042178200	24
2016.08.01	1350.61	1367.21	1304.16	1309.09	2589037	2081779001	0
2016.09.01	1309.79	1352.51	1302.41	1316.38	2288354	1748399377	0
2016.10.01	1317.19	1319.52	1241.30	1276.87	2130575	1436608556	0
2016.11.01	1276.63	1337.16	1170.11	1172.74	3210678	1736652921	24
2016.12.01	1173.73	1187.93	1122.62	1151.68	2212351	1243599893	0
2017.01.01	1151.67	1219.40	1145.95	1210.28	2741367	2107239100	15
2017.02.01	1210.48	1263.79	1198.10	1248.47	2319376	1933014538	20
2017.03.01	1248.50	1260.97	1194.91	1248.86	1875222	1171303972	24
2017.04.01	1247.94	1295.45	1243.65	1268.05	1532791	855735038	6
2017.05.01	1268.56	1274.08	1214.23	1268.81	1592459	946358940	24
2017.06.01	1268.67	1296.01	1236.01	1241.34	1501001	863723999	24
2017.07.01	1242.12	1271.04	1204.81	1269.23	1423171	762773017	24
2017.08.01	1269.47	1325.94	1251.44	1321.49	1786796	857090708	24
2017.09.01	1321.85	1357.42	1275.92	1279.14	1759643	814771278	0
2017.10.01	1278.95	1305.91	1260.54	1271.00	2707338	5375048830	24
2017.11.01	1270.32	1299.08	1265.37	1274.50	3578596	11471602008	27
2017.12.01	1275.02	1307.41	1236.37	1302.37	2766846	1073842694	28
2018.01.01	1309.81	1365.92	1305.70	1344.87	3730725	1477846500	0
2018.02.01	1343.39	1361.69	1307.04	1317.90	3812234	727714025	0
2018.03.01	1319.02	1356.84	1302.76	1324.94	3290400	0	14
2018.04.01	1325.80	1365.20	1310.18	1315.46	3192794	0	14
2018.05.01	1316.11	1325.90	1282.00	1298.25	3314455	0	14
2018.06.01	1298.89	1309.28	1245.84	1252.86	2229251	0	12
2018.07.01	1252.73	1265.84	1211.45	1224.09	2126319	0	10
2018.08.01	1224.13	1224.76	1160.07	1200.90	1730692	0	12
2018.09.01	1200.68	1212.60	1180.66	1191.21	1381955	0	15
2018.10.01	1191.89	1243.36	1183.16	1214.48	1416740	0	12
2018.11.01	1215.30	1237.33	1196.21	1221.86	1270818	0	10
2018.12.01	1222.91	1284.02	1221.25	1280.23	1118212	0	12
2019.01.01	1282.21	1326.25	1276.54	1320.76	882183	0	12
2019.02.01	1320.95	1346.66	1302.34	1312.79	725130	0	0
2019.03.01	1314.15	1324.49	1280.77	1292.16	786957	0	8
2019.04.01	1292.15	1310.53	1266.21	1283.30	665322	0	9
2019.05.01	1283.13	1306.92	1266.20	1305.04	874541	0	8
2019.06.01	1306.59	1439.21	1306.49	1410.20	1410723	0	9
2019.07.01	1391.67	1452.92	1381.66	1412.73	1458671	0	15
2019.08.01	1415.85	1555.21	1400.44	1520.71	2142324	0	14
2019.09.01	1529.39	1556.98	1464.43	1472.43	1692687	0	14
2019.10.01	1472.93	1519.48	1459.03	1512.13	1929293	0	14
2019.11.01	1512.49	1516.09	1445.57	1463.83	1473135	0	14
2019.12.01	1462.43	1525.23	1453.89	1520.21	1236935	0	10
2020.01.01	1520.26	1611.35	1518.38	1590.06	1849204	0	7
2020.02.01	1588.65	1689.25	1547.38	1584.70	2031572	0	7
2020.03.01	1581.79	1703.44	1451.13	1575.40	2871098	0	0
2020.04.01	1571.41	1747.40	1569.33	1682.73	2332272	0	0
2020.05.01	1686.02	1765.08	1670.40	1730.74	2325112	0	0
2020.06.01	1735.40	1785.94	1670.55	1780.91	1970872	0	5
2020.07.01	1781.61	1983.97	1757.43	1974.15	2027277	0	5
2020.08.01	1983.53	2074.87	1862.58	1966.50	3063961	0	5
2020.09.01	1968.35	1992.29	1848.75	1884.89	2674238	0	5
2020.10.01	1887.32	1933.18	1859.92	1878.37	2035142	0	5
2020.11.01	1879.27	1965.46	1764.38	1777.34	2180289	0	5
2020.12.01	1776.97	1906.70	1775.74	1893.68	1853323	0	5
2021.01.01	1909.07	1959.29	1810.29	1846.54	3869437	0	0
2021.02.01	1855.57	1871.78	1717.18	1733.73	6355213	0	0
2021.03.01	1737.79	1759.89	1676.77	1708.05	5762081	0	0
2021.04.01	1707.40	1797.88	1705.76	1768.77	4543473	0	0
2021.05.01	1766.81	1912.74	1766.04	1906.62	4982016	0	0
2021.06.01	1907.26	1916.58	1750.69	1769.49	5258215	0	0
2021.07.01	1770.03	1834.09	1765.64	1813.95	4449925	0	0
2021.08.01	1814.60	1831.71	1682.99	1814.42	3869683	0	0
2021.09.01	1814.47	1833.95	1721.66	1757.34	2683556	0	0
2021.10.01	1755.77	1813.83	1745.86	1782.60	1719002	0	7
2021.11.01	1783.36	1877.18	1758.82	1774.08	1906929	0	7
2021.12.01	1775.78	1830.32	1752.92	1828.71	1451443	0	0
2022.01.01	1830.59	1853.86	1780.29	1796.91	1444357	0	7
2022.02.01	1797.49	1974.37	1788.70	1908.17	1324455	0	7
2022.03.01	1907.87	2070.34	1890.10	1936.70	1475576	0	7
2022.04.01	1937.31	1998.36	1872.07	1896.53	1450469	0	7
2022.05.01	1899.31	1909.76	1786.72	1837.66	1487807	0	7
2022.06.01	1837.12	1879.00	1802.72	1806.77	1398452	0	7
2022.07.01	1806.88	1814.20	1680.85	1765.40	1435244	0	7
2022.08.01	1765.09	1807.95	1709.54	1710.49	1457858	0	7
2022.09.01	1711.01	1735.07	1614.75	1661.06	1532280	0	0
2022.10.01	1664.20	1729.38	1617.22	1633.18	1991684	0	7
2022.11.01	1632.55	1786.52	1616.60	1768.27	2160680	0	0
2022.12.01	1769.78	1833.29	1765.81	1824.51	1971572	0	0
2023.01.01	1827.97	1949.15	1823.71	1927.82	2064851	0	7
2023.02.01	1927.45	1959.72	1804.63	1827.13	2079838	0	7
2023.03.01	1826.82	2009.75	1809.33	1968.81	2796571	0	7
2023.04.01	1966.24	2048.68	1949.73	1989.27	1935132	0	7
2023.05.01	1989.79	2062.82	1932.01	1963.06	2351033	0	7
2023.06.01	1963.38	1983.39	1892.95	1918.83	2113109	0	7
2023.07.01	1918.39	1987.46	1902.66	1965.38	1897413	0	7
2023.08.01	1965.74	1966.02	1884.84	1939.84	1786645	0	7
2023.09.01	1940.07	1952.91	1846.30	1849.12	2116700	0	0
2023.10.01	1847.38	2009.33	1810.37	1983.69	3106932	0	0
2023.11.01	1983.63	2051.94	1919.39	2035.89	2631640	0	0
2023.12.01	2037.53	2144.76	1973.02	2062.57	1966156	0	0
2024.01.01	2065.22	2078.87	2001.85	2037.42	2729105	0	7
2024.02.01	2040.12	2065.35	1984.19	2043.48	2177978	0	0
2024.03.01	2043.36	2236.25	2039.01	2229.47	2260186	0	6
2024.04.01	2239.37	2431.43	2228.50	2285.74	3569542	0	0
2024.05.01	2288.19	2450.01	2277.31	2329.44	3218717	0	0
2024.06.01	2328.67	2387.66	2286.73	2325.49	2228695	0	0
2024.07.01	2323.04	2483.67	2318.49	2447.02	3386238	0	8
2024.08.01	2447.58	2531.61	2364.30	2503.28	3658954	0	8
2024.09.01	2502.75	2685.54	2471.83	2633.38	3414386	0	8
2024.10.01	2633.55	2790.01	2602.55	2744.16	3635304	0	8
2024.11.01	2745.23	2762.11	2536.75	2650.26	3526212	0	11
2024.12.01	2648.70	2726.06	2586.40	2623.98	3127771	0	0
2025.01.01	2625.04	2817.05	2614.66	2800.41	3020864	0	14
2025.02.01	2801.71	2956.15	2772.07	2858.42	2625424	0	13
2025.03.01	2873.06	3127.81	2858.88	3123.65	2523053	0	19
2025.04.01	3124.68	3499.88	2956.66	3290.31	2954775	0	0
2025.05.01	3285.30	3430.86	3120.81	3291.54	2661064	0	21
2025.06.01	3303.08	3451.19	3248.92	3302.63	2248575	0	21
2025.07.01	3303.94	3438.81	3268.06	3290.32	2055995	0	21
2025.08.01	3291.52	3453.82	3281.55	3447.29	2250806	0	16
2025.09.01	3445.83	3871.55	3437.01	3858.06	3001793	0	15
2025.10.01	3860.00	4381.25	3819.42	4002.49	4004630	0	15
2025.11.01	3995.64	4244.93	3928.72	4219.29	3236766	0	15
2025.12.01	4225.62	4549.70	4163.52	4314.45	4158547	0	21
2026.01.01	4327.16	5598.08	4309.64	4863.57	4932969	0	22
2026.02.01	4825.15	5278.74	4402.59	5277.51	4481693	0	33
2026.03.01	5358.16	5418.89	4098.74	4667.83	5894772	0	0
