<DATE>	<OPEN>	<HIGH>	<LOW>	<CLOSE>	<TICKVOL>	<VOL>	<SPREAD>
2010.01.01	1.61210	1.64561	1.58961	1.59827	1135624	0	20
2010.02.01	1.59464	1.60681	1.51518	1.52351	1133745	0	15
2010.03.01	1.51539	1.53816	1.47838	1.51769	1187049	0	15
2010.04.01	1.51771	1.55218	1.51251	1.52708	1102847	0	15
2010.05.01	1.53120	1.53145	1.42323	1.45361	1461221	0	15
2010.06.01	1.45356	1.51280	1.43456	1.49393	1402901	50746850000	10
2010.07.01	1.49395	1.57200	1.48730	1.56878	1045502	75717770000	8
2010.08.01	1.57250	1.59970	1.53264	1.53490	918082	0	15
2010.09.01	1.53487	1.59214	1.52964	1.57104	862612	0	15
2010.10.01	1.57106	1.61054	1.56494	1.60384	1122910	0	10
2010.11.01	1.60438	1.62980	1.54842	1.55568	1826940	0	15
2010.12.01	1.55570	1.59096	1.53446	1.56092	1853631	0	7
2011.01.01	1.55431	1.60577	1.54057	1.60110	1935125	0	7
2011.02.01	1.60112	1.62767	1.59626	1.62644	1540452	0	15
2011.03.01	1.62644	1.64001	1.59357	1.60388	1883257	0	10
2011.04.01	1.60387	1.67449	1.59717	1.67030	1510421	10714850000	8
2011.05.01	1.67070	1.67371	1.60335	1.64500	1412152	0	8
2011.06.01	1.64501	1.64949	1.59116	1.60403	1675919	0	15
2011.07.01	1.60404	1.64695	1.57807	1.64192	1815729	16105772000	8
2011.08.01	1.63904	1.66174	1.61101	1.62477	2193796	186096979001	4
2011.09.01	1.62477	1.62548	1.53271	1.55793	2265429	0	7
2011.10.01	1.55717	1.61641	1.52721	1.60778	2273248	0	4
2011.11.01	1.60778	1.61291	1.54228	1.56948	2183707	0	8
2011.12.01	1.56948	1.57731	1.53616	1.55366	1679279	0	4
2012.01.01	1.54937	1.57952	1.52358	1.57645	1749763	0	4
2012.02.01	1.57644	1.59908	1.56445	1.59198	1679112	0	4
2012.03.01	1.59199	1.60357	1.56024	1.60061	1434810	0	9
2012.04.01	1.60062	1.63006	1.58042	1.62357	1377082	0	9
2012.05.01	1.62357	1.62464	1.53597	1.54027	1643976	0	4
2012.06.01	1.54026	1.57764	1.52677	1.57040	1827421	0	10
2012.07.01	1.56956	1.57668	1.53927	1.56730	1524434	0	10
2012.08.01	1.56730	1.59113	1.54898	1.58636	1413759	0	4
2012.09.01	1.58808	1.63086	1.58258	1.61638	1337835	0	10
2012.10.01	1.61544	1.62161	1.59126	1.61314	1333364	0	3
2012.11.01	1.61311	1.61743	1.58274	1.60107	1173497	0	4
2012.12.01	1.60221	1.63061	1.60016	1.62409	994990	0	4
2013.01.01	1.62426	1.63806	1.56742	1.58587	1199737	0	2
2013.02.01	1.58588	1.58782	1.50803	1.51669	918766	0	5
2013.03.01	1.51672	1.52599	1.48287	1.51958	871270	0	1
2013.04.01	1.51970	1.55673	1.50332	1.55351	975856	0	1
2013.05.01	1.55353	1.56051	1.50081	1.51938	1125840	0	1
2013.06.01	1.51975	1.57510	1.51654	1.52112	1200942	0	5
2013.07.01	1.52068	1.54351	1.48133	1.51975	1231876	0	1
2013.08.01	1.52037	1.57170	1.51024	1.54912	1013903	0	1
2013.09.01	1.55180	1.62024	1.55054	1.61837	771037	0	1
2013.10.01	1.61838	1.62599	1.58938	1.60427	826141	0	1
2013.11.01	1.60429	1.63841	1.58539	1.63611	790509	0	1
2013.12.01	1.63739	1.65778	1.62175	1.65649	753795	0	1
2014.01.01	1.65623	1.66680	1.63090	1.64343	854987	0	1
2014.02.01	1.64296	1.68223	1.62519	1.67398	799202	0	1
2014.03.01	1.67414	1.67855	1.64652	1.66630	1312565	0	0
2014.04.01	1.66629	1.69006	1.65536	1.68741	997076	0	0
2014.05.01	1.68739	1.69961	1.66925	1.67505	845039	0	0
2014.06.01	1.67599	1.71136	1.66988	1.71085	888962	0	0
2014.07.01	1.71086	1.71898	1.68562	1.68831	1028952	0	1
2014.08.01	1.68830	1.68923	1.65366	1.65971	1085048	0	1
2014.09.01	1.65895	1.66435	1.60520	1.62149	1773425	0	1
2014.10.01	1.62149	1.62521	1.58750	1.59930	1849938	0	1
2014.11.01	1.59725	1.60212	1.55897	1.56389	1698603	23109600000	1
2014.12.01	1.56405	1.57852	1.54854	1.55801	1804708	1637871731000	0
2015.01.01	1.55440	1.55467	1.49503	1.50619	1722605	16422778000	1
2015.02.01	1.50933	1.55516	1.49883	1.54365	1465110	0	1
2015.03.01	1.54151	1.54281	1.46347	1.48164	1824771	0	1
2015.04.01	1.48174	1.54977	1.45650	1.53524	1936081	0	2
2015.05.01	1.53489	1.58139	1.50897	1.52842	1831361	0	1
2015.06.01	1.52923	1.59292	1.51695	1.57065	3123662	0	1
2015.07.01	1.57036	1.57322	1.53297	1.56201	3353460	873575631000	0
2015.08.01	1.56289	1.58186	1.53348	1.53415	3145501	2749271916000	4
2015.09.01	1.53384	1.56579	1.51068	1.51260	2753869	2622131054000	4
2015.10.01	1.51260	1.55088	1.51064	1.54275	2656926	2598450320000	0
2015.11.01	1.54449	1.54971	1.49932	1.50556	2528675	2448621431000	0
2015.12.01	1.50534	1.52391	1.47313	1.47317	2646062	2517385128000	0
2016.01.01	1.47306	1.48152	1.40790	1.42422	2944733	2799123113000	0
2016.02.01	1.42384	1.46679	1.38351	1.39122	3673556	3610667851000	0
2016.03.01	1.39123	1.45139	1.39037	1.43613	3178716	3124820487000	0
2016.04.01	1.43584	1.46706	1.40047	1.46102	3113852	3300469072000	0
2016.05.01	1.45863	1.47691	1.43318	1.44792	3098985	3506443759000	0
2016.06.01	1.44756	1.50171	1.31197	1.33091	3635811	4011505154000	0
2016.07.01	1.33017	1.34801	1.27950	1.32224	3004656	3159012319000	0
2016.08.01	1.32190	1.33712	1.28650	1.31369	2487628	2280116931000	0
2016.09.01	1.31398	1.34445	1.29145	1.29735	2692633	2292725879000	0
2016.10.01	1.29171	1.29459	1.14754	1.22381	2896933	2057758410000	0
2016.11.01	1.22383	1.26730	1.22052	1.25041	3419802	2636200576000	0
2016.12.01	1.25031	1.27742	1.19594	1.23245	2399839	1344333358000	0
2017.01.01	1.23260	1.26731	1.19864	1.25753	3252720	1962140179000	0
2017.02.01	1.25778	1.27057	1.23463	1.23805	2635911	1793931670000	0
2017.03.01	1.23745	1.26148	1.21087	1.25342	2873780	2063844638000	0
2017.04.01	1.25420	1.29647	1.23581	1.29246	2211728	1568770747000	0
2017.05.01	1.29321	1.30470	1.27684	1.28878	2620802	1992618848000	0
2017.06.01	1.28878	1.30293	1.25885	1.30222	2154541	162558067000	0
2017.07.01	1.30044	1.32114	1.28113	1.32103	1917730	0	11
2017.08.01	1.32100	1.32677	1.27736	1.29286	1943083	0	11
2017.09.01	1.29222	1.36559	1.29048	1.33966	2348386	862992000	0
2017.10.01	1.33693	1.34019	1.30270	1.32823	1773916	0	0
2017.11.01	1.32817	1.35487	1.30392	1.35237	1694427	0	0
2017.12.01	1.35237	1.35492	1.32851	1.35078	2393649	0	0
2018.01.01	1.35053	1.43452	1.34579	1.41878	4206766	0	0
2018.02.01	1.41878	1.42781	1.37566	1.37594	3903188	0	1
2018.03.01	1.37596	1.42444	1.37115	1.40211	3465762	0	1
2018.04.01	1.40126	1.43762	1.37122	1.37552	1762765	0	1
2018.05.01	1.37552	1.37725	1.32040	1.32933	2373678	0	1
2018.06.01	1.32929	1.34723	1.30491	1.32084	2188637	0	1
2018.07.01	1.31941	1.33627	1.29573	1.31219	2052056	0	0
2018.08.01	1.31194	1.31438	1.26611	1.29554	1881412	0	3
2018.09.01	1.29139	1.32979	1.27848	1.30290	1677623	0	3
2018.10.01	1.30380	1.32572	1.26936	1.27679	2601861	0	3
2018.11.01	1.27679	1.31740	1.27223	1.27479	2385778	0	3
2018.12.01	1.27430	1.28393	1.24756	1.27443	2279423	0	3
2019.01.01	1.27302	1.32173	1.23953	1.31080	2214784	0	3
2019.02.01	1.31101	1.33494	1.27722	1.32607	1812415	0	4
2019.03.01	1.32609	1.33807	1.29594	1.30280	2300503	0	4
2019.04.01	1.30381	1.31955	1.28650	1.30314	1988725	0	3
2019.05.01	1.30358	1.31762	1.25583	1.26304	1929953	0	5
2019.06.01	1.26291	1.27832	1.25053	1.26944	1979039	0	4
2019.07.01	1.26943	1.27050	1.21190	1.21594	1580519	0	2
2019.08.01	1.21563	1.23093	1.20148	1.21625	2134465	0	2
2019.09.01	1.21395	1.25813	1.19579	1.22865	1658211	0	2
2019.10.01	1.22865	1.30120	1.21950	1.29264	1675494	0	0
2019.11.01	1.29264	1.29850	1.27684	1.29170	1004527	0	0
2019.12.01	1.29088	1.35143	1.28957	1.32448	1089339	0	2
2020.01.01	1.32465	1.32661	1.29543	1.32096	880494	0	1
2020.02.01	1.31760	1.31841	1.27257	1.28218	898401	0	1
2020.03.01	1.28127	1.31997	1.14101	1.24157	1748028	0	1
2020.04.01	1.23984	1.26473	1.21647	1.25885	762144	0	1
2020.05.01	1.25854	1.26008	1.20765	1.23510	785087	0	1
2020.06.01	1.23264	1.28130	1.22516	1.24005	1101983	0	1
2020.07.01	1.23954	1.31701	1.23595	1.30829	899169	0	1
2020.08.01	1.30754	1.33957	1.29813	1.33711	866189	0	1
2020.09.01	1.33696	1.34824	1.26753	1.29221	944936	0	1
2020.10.01	1.29142	1.31767	1.28199	1.29502	836186	0	1
2020.11.01	1.29219	1.33978	1.28552	1.33241	867916	0	1
2020.12.01	1.33214	1.36862	1.31345	1.36622	856897	0	1
2021.01.01	1.36486	1.37588	1.34511	1.36990	828052	0	1
2021.02.01	1.37038	1.42354	1.35662	1.39269	698068	0	1
2021.03.01	1.39295	1.40169	1.36705	1.37843	846738	0	1
2021.04.01	1.37815	1.40088	1.36691	1.38130	632044	0	1
2021.05.01	1.38075	1.42337	1.37998	1.42073	702004	0	1
2021.06.01	1.42083	1.42485	1.37865	1.38334	767519	0	1
2021.07.01	1.38323	1.39833	1.35719	1.39073	758903	0	1
2021.08.01	1.38974	1.39578	1.36021	1.37535	531119	0	1
2021.09.01	1.37499	1.39130	1.34119	1.34689	681656	0	1
2021.10.01	1.34710	1.38343	1.34335	1.36929	1068986	0	2
2021.11.01	1.36790	1.36984	1.31945	1.33021	1091303	0	2
2021.12.01	1.32958	1.35502	1.31611	1.35248	909023	0	2
2022.01.01	1.35237	1.37487	1.33579	1.34452	905486	0	2
2022.02.01	1.34426	1.36436	1.32728	1.34216	1026950	0	2
2022.03.01	1.34131	1.34372	1.30002	1.31419	1306654	0	2
2022.04.01	1.31353	1.31667	1.24114	1.25769	1343952	0	2
2022.05.01	1.25795	1.26668	1.21558	1.26051	1725871	0	2
2022.06.01	1.25995	1.26165	1.19340	1.21775	1908446	0	2
2022.07.01	1.21702	1.22457	1.17601	1.21829	1807757	0	2
2022.08.01	1.21641	1.22935	1.15991	1.16207	1539886	0	2
2022.09.01	1.16186	1.17380	1.03337	1.11550	1850066	0	2
2022.10.01	1.11647	1.16451	1.09230	1.14677	3425880	0	2
2022.11.01	1.14649	1.21534	1.11455	1.20578	3496998	0	2
2022.12.01	1.20517	1.24464	1.19921	1.20924	3169432	0	2
2023.01.01	1.20812	1.24477	1.18410	1.23194	2781269	0	2
2023.02.01	1.23121	1.24013	1.19148	1.20220	2385122	0	2
2023.03.01	1.20154	1.24230	1.18021	1.23302	2719863	0	2
2023.04.01	1.23265	1.25838	1.22741	1.25671	1429657	0	2
2023.05.01	1.25562	1.26799	1.23080	1.24428	1654270	0	2
2023.06.01	1.24318	1.28482	1.23684	1.26939	1595969	0	2
2023.07.01	1.26968	1.31421	1.26583	1.28368	1538332	0	2
2023.08.01	1.28328	1.28412	1.25478	1.26715	1641036	0	2
2023.09.01	1.26699	1.27128	1.21102	1.22019	1898348	0	50
2023.10.01	1.21897	1.23375	1.20371	1.21457	2411206	0	50
2023.11.01	1.21472	1.27331	1.20956	1.26253	2214684	0	50
2023.12.01	1.26175	1.28274	1.25001	1.27340	1605059	0	2
2024.01.01	1.27204	1.27854	1.25963	1.26862	1720832	0	2
2024.02.01	1.26754	1.27721	1.25180	1.26242	1534196	0	2
2024.03.01	1.26159	1.28936	1.25751	1.26236	1403663	0	2
2024.04.01	1.26240	1.27093	1.22992	1.24915	1689219	0	2
2024.05.01	1.24854	1.28004	1.24457	1.27422	1553928	0	2
2024.06.01	1.27336	1.28603	1.26126	1.26434	1169022	0	2
2024.07.01	1.26538	1.30444	1.26153	1.28534	1714666	0	2
2024.08.01	1.28531	1.32658	1.26647	1.31292	1958907	0	2
2024.09.01	1.31293	1.34341	1.30018	1.33743	1789188	0	2
2024.10.01	1.33697	1.33892	1.28433	1.28975	1918685	0	2
2024.11.01	1.28990	1.30475	1.24869	1.27354	2129351	0	2
2024.12.01	1.27238	1.28110	1.24747	1.25136	1712612	0	4
2025.01.01	1.25103	1.25756	1.20996	1.23904	1806313	0	4
2025.02.01	1.23090	1.27157	1.22490	1.25780	1396577	0	4
2025.03.01	1.25783	1.30145	1.25776	1.29196	1416580	0	4
2025.04.01	1.29121	1.34437	1.27080	1.33259	1914905	0	6
2025.05.01	1.33247	1.35928	1.31395	1.34562	1321113	0	6
2025.06.01	1.34609	1.37702	1.33700	1.37309	1296281	0	6
2025.07.01	1.37209	1.37884	1.31852	1.32050	1385640	0	6
2025.08.01	1.32028	1.35945	1.31391	1.35026	1307968	0	6
2025.09.01	1.34933	1.37262	1.33232	1.34405	1351668	0	4
2025.10.01	1.34410	1.35273	1.30966	1.31431	1465091	0	4
2025.11.01	1.31273	1.32679	1.30097	1.32343	1345220	0	4
2025.12.01	1.32221	1.35340	1.31793	1.34738	1552278	0	4
2026.01.01	1.34634	1.38685	1.33392	1.36828	1680605	0	4
2026.02.01	1.36869	1.37331	1.34339	1.34774	1510993	0	2
2026.03.01	1.34027	1.34832	1.31588	1.32246	2496896	0	2
