<DATE>	<OPEN>	<HIGH>	<LOW>	<CLOSE>	<TICKVOL>	<VOL>	<SPREAD>
2010.01.03	1.61210	1.62380	1.58961	1.60212	261752	0	20
2010.01.10	1.60585	1.63536	1.60585	1.62627	274240	0	20
2010.01.17	1.62700	1.64561	1.60777	1.61121	301328	0	20
2010.01.24	1.61060	1.62746	1.59781	1.59827	298304	0	20
2010.01.31	1.59464	1.60681	1.55582	1.56397	283289	0	20
2010.02.07	1.55973	1.57631	1.55340	1.56997	295536	0	20
2010.02.14	1.56651	1.58146	1.53501	1.54725	264532	0	20
2010.02.21	1.54547	1.55745	1.51518	1.52351	290388	0	15
2010.02.28	1.51539	1.52027	1.47838	1.51374	293490	0	15
2010.03.07	1.51311	1.52165	1.48721	1.52031	230288	0	17
2010.03.14	1.51758	1.53816	1.49771	1.50124	247550	0	15
2010.03.21	1.49935	1.51113	1.47983	1.48945	267394	0	18
2010.03.28	1.49540	1.52974	1.48913	1.52063	225022	0	18
2010.04.04	1.52658	1.53901	1.51282	1.53673	221877	0	15
2010.04.11	1.54378	1.55218	1.53356	1.53615	250281	0	17
2010.04.18	1.52906	1.54717	1.51912	1.53750	265208	0	18
2010.04.25	1.53860	1.54968	1.51251	1.52708	288786	0	15
2010.05.02	1.53120	1.53145	1.44751	1.48026	347894	0	15
2010.05.09	1.48384	1.50534	1.44949	1.45346	377439	0	15
2010.05.16	1.45244	1.45408	1.42323	1.44587	376362	0	20
2010.05.23	1.44651	1.46092	1.42584	1.44562	313868	0	19
2010.05.30	1.44308	1.47690	1.44266	1.44537	319194	1010950000	10
2010.06.06	1.44183	1.47578	1.43456	1.45500	348066	0	19
2010.06.13	1.45535	1.48852	1.45501	1.48223	334205	49735900000	11
2010.06.20	1.48575	1.50756	1.46866	1.50601	289027	0	15
2010.06.27	1.50538	1.52282	1.48730	1.51938	267585	0	14
2010.07.04	1.51940	1.52401	1.50500	1.50627	200732	0	8
2010.07.11	1.50617	1.54706	1.49478	1.52995	286036	75717770000	8
2010.07.18	1.52885	1.54484	1.51235	1.54253	231655	0	15
2010.07.25	1.54136	1.57200	1.54091	1.56878	217561	0	15
2010.08.01	1.57250	1.59970	1.56949	1.59406	190892	0	15
2010.08.08	1.59849	1.59930	1.55610	1.55897	215011	0	15
2010.08.15	1.55880	1.57011	1.54644	1.55325	222909	0	15
2010.08.22	1.55384	1.56169	1.53718	1.55274	215552	0	15
2010.08.29	1.55343	1.55753	1.53264	1.54480	163788	0	15
2010.09.05	1.54445	1.55320	1.52964	1.53557	175655	0	15
2010.09.12	1.53540	1.57279	1.53475	1.56304	218154	0	15
2010.09.19	1.56560	1.58421	1.55030	1.58228	193600	0	15
2010.09.26	1.58210	1.59214	1.56688	1.58189	235590	0	15
2010.10.03	1.58040	1.60166	1.57479	1.59550	246725	0	15
2010.10.10	1.59520	1.61054	1.57546	1.59901	220894	0	15
2010.10.17	1.59809	1.60022	1.56494	1.56799	265135	0	18
2010.10.24	1.56636	1.60442	1.56633	1.60384	339699	0	10
2010.10.31	1.60438	1.62980	1.59609	1.61809	363474	0	15
2010.11.07	1.61877	1.62126	1.59528	1.61123	407150	0	15
2010.11.14	1.61253	1.61531	1.58388	1.59784	413889	0	15
2010.11.21	1.60009	1.60833	1.55761	1.55903	446485	0	15
2010.11.28	1.55994	1.57866	1.54842	1.57736	494522	0	15
2010.12.05	1.57672	1.58608	1.56550	1.58004	455484	0	17
2010.12.12	1.57980	1.59096	1.54540	1.55314	426838	0	7
2010.12.19	1.55144	1.55754	1.53556	1.54430	345949	0	15
2010.12.26	1.54386	1.56643	1.53446	1.56092	326780	0	15
2011.01.02	1.55431	1.56448	1.54057	1.55457	428831	0	15
2011.01.09	1.55354	1.58876	1.54746	1.58667	449711	0	15
2011.01.16	1.58734	1.60577	1.58347	1.59981	466797	0	14
2011.01.23	1.59937	1.60152	1.57509	1.58592	491855	0	7
2011.01.30	1.58319	1.62767	1.58213	1.61089	447858	0	15
2011.02.06	1.60966	1.61842	1.59626	1.60049	322992	0	15
2011.02.13	1.60038	1.62614	1.59808	1.62521	378164	0	15
2011.02.20	1.62420	1.62719	1.60305	1.61162	405142	0	15
2011.02.27	1.60826	1.63430	1.60705	1.62666	404878	0	10
2011.03.06	1.62758	1.63401	1.59766	1.60784	386920	0	15
2011.03.13	1.60827	1.62525	1.59780	1.62323	470782	0	15
2011.03.20	1.62287	1.64001	1.60062	1.60398	398701	0	15
2011.03.27	1.60075	1.61498	1.59357	1.61085	381412	0	15
2011.04.03	1.61092	1.64267	1.60912	1.63794	358754	0	15
2011.04.10	1.63727	1.64249	1.62268	1.63236	370367	0	15
2011.04.17	1.63188	1.65984	1.61661	1.65061	339152	0	15
2011.04.24	1.65169	1.67449	1.64311	1.67030	366939	10714850000	8
2011.05.01	1.67070	1.67371	1.63542	1.63618	412971	0	15
2011.05.08	1.63746	1.65154	1.61471	1.61927	381773	0	15
2011.05.15	1.61758	1.63045	1.61052	1.62285	190395	0	8
2011.05.22	1.62208	1.65118	1.60335	1.65056	288178	0	8
2011.05.29	1.64820	1.65461	1.62869	1.64237	356338	0	15
2011.06.05	1.64243	1.64705	1.62192	1.62224	280780	0	15
2011.06.12	1.62349	1.64409	1.60776	1.61613	416598	0	15
2011.06.19	1.61608	1.62610	1.59375	1.59570	426235	0	15
2011.06.26	1.59610	1.61176	1.59116	1.60681	408949	0	15
2011.07.03	1.60605	1.61391	1.59307	1.60568	398762	0	15
2011.07.10	1.60299	1.61925	1.57807	1.61322	478735	0	15
2011.07.17	1.61174	1.63383	1.60047	1.62973	464826	0	10
2011.07.24	1.63304	1.64695	1.62609	1.64192	399260	16105772000	8
2011.07.31	1.63904	1.64745	1.62233	1.63890	473837	21883369000	8
2011.08.07	1.64539	1.64704	1.61101	1.62748	568278	0	9
2011.08.14	1.62865	1.66174	1.62546	1.64624	474724	0	10
2011.08.21	1.64724	1.65700	1.62078	1.63667	436972	0	4
2011.08.28	1.63396	1.64339	1.61314	1.62148	409953	164213610001	8
2011.09.04	1.61707	1.61852	1.58435	1.58782	501215	0	15
2011.09.11	1.58301	1.58853	1.57065	1.57868	519111	0	9
2011.09.18	1.57159	1.57546	1.53271	1.54459	535201	0	8
2011.09.25	1.54742	1.57146	1.54319	1.55793	539934	0	7
2011.10.02	1.55717	1.56450	1.52721	1.55575	577239	0	4
2011.10.09	1.55537	1.58508	1.55263	1.58170	508915	0	12
2011.10.16	1.58184	1.59728	1.56314	1.59459	541165	0	15
2011.10.23	1.59424	1.61504	1.58906	1.61275	534143	0	9
2011.10.30	1.61302	1.61641	1.58770	1.60308	548731	0	15
2011.11.06	1.60547	1.61291	1.58680	1.60679	483359	0	15
2011.11.13	1.60703	1.60896	1.56905	1.58026	513588	0	8
2011.11.20	1.57826	1.57832	1.54228	1.54330	468891	0	9
2011.11.27	1.54894	1.57787	1.54583	1.55945	451415	0	9
2011.12.04	1.56028	1.57679	1.55610	1.56654	434844	0	4
2011.12.11	1.56448	1.56566	1.54087	1.55421	428559	0	9
2011.12.18	1.55235	1.57731	1.54645	1.55841	341276	0	4
2011.12.25	1.56266	1.56899	1.53616	1.55366	304109	0	15
2012.01.01	1.54937	1.56687	1.53751	1.54243	376095	0	15
2012.01.08	1.54151	1.54995	1.52358	1.53156	410571	0	4
2012.01.15	1.52944	1.55765	1.52818	1.55737	400435	0	4
2012.01.22	1.55401	1.57392	1.55161	1.57269	401317	0	4
2012.01.29	1.57253	1.58821	1.56534	1.58107	415493	0	4
2012.02.05	1.58193	1.59277	1.57294	1.57525	425833	0	15
2012.02.12	1.57904	1.58612	1.56445	1.58330	406244	0	15
2012.02.19	1.58615	1.58983	1.56480	1.58711	368262	0	9
2012.02.26	1.58919	1.59908	1.57992	1.58322	368405	0	15
2012.03.04	1.58317	1.58809	1.56618	1.56720	318326	0	14
2012.03.11	1.56662	1.58601	1.56024	1.58398	321596	0	15
2012.03.18	1.58440	1.59222	1.57690	1.58663	314763	0	15
2012.03.25	1.58712	1.60357	1.58008	1.60061	336345	0	9
2012.04.01	1.60062	1.60617	1.58042	1.58645	328066	0	9
2012.04.08	1.58895	1.59835	1.58088	1.58444	333163	0	10
2012.04.15	1.58501	1.61483	1.58180	1.61215	344094	0	10
2012.04.22	1.61260	1.62793	1.60759	1.62594	313947	0	10
2012.04.29	1.62735	1.63006	1.61408	1.61470	288155	0	10
2012.05.06	1.61501	1.61975	1.60611	1.60656	338761	0	10
2012.05.13	1.60656	1.61219	1.57322	1.58146	349753	0	10
2012.05.20	1.58104	1.58474	1.56298	1.56641	377400	0	4
2012.05.27	1.56790	1.57161	1.52677	1.53591	442326	0	10
2012.06.03	1.53722	1.55999	1.53213	1.54682	447548	0	10
2012.06.10	1.55203	1.57263	1.54537	1.57111	437923	0	10
2012.06.17	1.57370	1.57764	1.55563	1.55825	460140	0	10
2012.06.24	1.55831	1.57143	1.54843	1.57040	387203	0	10
2012.07.01	1.56956	1.57207	1.54605	1.54887	340734	0	10
2012.07.08	1.54758	1.55797	1.53927	1.55741	324497	0	10
2012.07.15	1.55812	1.57351	1.55164	1.56195	335646	0	10
2012.07.22	1.56049	1.57668	1.54581	1.57439	385250	0	10
2012.07.29	1.57331	1.57395	1.54898	1.56371	359609	0	4
2012.08.05	1.56362	1.57001	1.55453	1.56873	337365	0	10
2012.08.12	1.56759	1.57437	1.56353	1.56935	302201	0	10
2012.08.19	1.56968	1.59113	1.56772	1.58089	304358	0	10
2012.08.26	1.58138	1.58940	1.57534	1.58636	248533	0	10
2012.09.02	1.58808	1.60333	1.58258	1.60075	303045	0	10
2012.09.09	1.60109	1.62541	1.59582	1.62143	330437	0	10
2012.09.16	1.62275	1.63086	1.61627	1.62286	343524	0	10
2012.09.23	1.62427	1.62714	1.61123	1.61638	360829	0	10
2012.09.30	1.61544	1.62161	1.60661	1.61341	341203	0	4
2012.10.07	1.61362	1.61384	1.59759	1.60673	312920	0	4
2012.10.14	1.60769	1.61777	1.59965	1.59993	284621	0	10
2012.10.21	1.60064	1.61427	1.59126	1.61027	278493	0	6
2012.10.28	1.60845	1.61743	1.60058	1.60208	213208	0	3
2012.11.04	1.60196	1.60419	1.58873	1.58938	285409	0	4
2012.11.11	1.59026	1.59149	1.58274	1.58792	265803	0	9
2012.11.18	1.58898	1.60504	1.58827	1.60252	250757	0	10
2012.11.25	1.60235	1.60617	1.59618	1.60107	274447	0	4
2012.12.02	1.60221	1.61303	1.60016	1.60374	267899	0	4
2012.12.09	1.60335	1.61768	1.60130	1.61718	252162	0	4
2012.12.16	1.61796	1.63061	1.61512	1.61686	264708	0	5
2012.12.23	1.61569	1.62055	1.60662	1.61455	172644	0	4
2012.12.30	1.61644	1.63806	1.60099	1.60678	209591	0	2
2013.01.06	1.60770	1.61761	1.59925	1.61271	251491	0	6
2013.01.13	1.61277	1.61542	1.58540	1.58660	291293	0	2
2013.01.20	1.58528	1.58932	1.57453	1.57955	272075	0	6
2013.01.27	1.57777	1.58782	1.56742	1.56913	274496	0	6
2013.02.03	1.57036	1.58430	1.56303	1.57969	283202	0	6
2013.02.10	1.57896	1.58094	1.54622	1.55162	251011	0	5
2013.02.17	1.54990	1.55076	1.51305	1.51605	166279	0	6
2013.02.24	1.51072	1.52216	1.49857	1.50365	192618	0	6
2013.03.03	1.50302	1.51982	1.48864	1.49222	141267	0	1
2013.03.10	1.49077	1.51762	1.48287	1.51128	218943	0	1
2013.03.17	1.51099	1.52474	1.50267	1.52269	259854	0	1
2013.03.24	1.52344	1.52599	1.50925	1.51958	215230	0	1
2013.03.31	1.51970	1.53630	1.50332	1.53357	204368	0	1
2013.04.07	1.53294	1.54113	1.52386	1.53393	220013	0	1
2013.04.14	1.53381	1.53844	1.52164	1.52288	260079	0	1
2013.04.21	1.52311	1.54984	1.51963	1.54746	215919	0	1
2013.04.28	1.54835	1.56051	1.54675	1.55683	200719	0	1
2013.05.05	1.55658	1.55976	1.53139	1.53579	196853	0	1
2013.05.12	1.53552	1.53845	1.51580	1.51666	240230	0	1
2013.05.19	1.51860	1.52807	1.50138	1.51195	271424	0	1
2013.05.26	1.51295	1.52393	1.50081	1.51938	292091	0	5
2013.06.02	1.51975	1.56833	1.51919	1.55552	321015	0	5
2013.06.09	1.55159	1.57360	1.54947	1.57008	287699	0	5
2013.06.16	1.57109	1.57510	1.53680	1.54144	309776	0	5
2013.06.23	1.53939	1.54771	1.51654	1.52112	282452	0	5
2013.06.30	1.52068	1.53042	1.48595	1.48827	276055	0	5
2013.07.07	1.48777	1.52219	1.48133	1.51036	312762	0	1
2013.07.14	1.51083	1.52816	1.50274	1.52590	261420	0	1
2013.07.21	1.52611	1.54351	1.52574	1.53779	234838	0	1
2013.07.28	1.53839	1.54134	1.51024	1.52863	255736	0	1
2013.08.04	1.52828	1.55740	1.52048	1.54966	237852	0	1
2013.08.11	1.55027	1.56564	1.54220	1.56223	236115	0	1
2013.08.18	1.56296	1.57170	1.55385	1.55662	229661	0	1
2013.08.25	1.55752	1.56117	1.54280	1.54912	201340	0	1
2013.09.01	1.55180	1.56808	1.55054	1.56266	180111	0	1
2013.09.08	1.56275	1.58844	1.56258	1.58729	173649	0	1
2013.09.15	1.59318	1.61624	1.58857	1.60016	194008	0	1
2013.09.22	1.59987	1.61466	1.59550	1.61366	183894	0	1
2013.09.29	1.61419	1.62599	1.60054	1.60055	195545	0	1
2013.10.06	1.60253	1.61237	1.59137	1.59459	173184	0	1
2013.10.13	1.59668	1.62247	1.58938	1.61638	173046	0	1
2013.10.20	1.61712	1.62562	1.61154	1.61619	169528	0	1
2013.10.27	1.61729	1.62079	1.59086	1.59214	193409	0	1
2013.11.03	1.59270	1.61175	1.59032	1.60126	182308	0	1
2013.11.10	1.60072	1.61340	1.58539	1.61142	191725	0	1
2013.11.17	1.61197	1.62252	1.60593	1.62212	202933	0	1
2013.11.24	1.62351	1.63841	1.61333	1.63611	174347	0	1
2013.12.01	1.63739	1.64423	1.62916	1.63454	214980	0	1
2013.12.08	1.63460	1.64652	1.62623	1.62914	178127	0	1
2013.12.15	1.63055	1.64841	1.62175	1.63279	194636	0	1
2013.12.22	1.63273	1.65775	1.63215	1.64787	108748	0	1
2013.12.29	1.64883	1.66030	1.63952	1.64151	157068	0	1
2014.01.05	1.64109	1.65169	1.63374	1.64784	180480	0	1
2014.01.12	1.64867	1.65078	1.63090	1.64226	188751	0	1
2014.01.19	1.64148	1.66680	1.63953	1.64768	185926	0	1
2014.01.26	1.64754	1.66250	1.64271	1.64343	200066	0	1
2014.02.02	1.64296	1.64407	1.62519	1.64101	225697	0	1
2014.02.09	1.64080	1.67555	1.63829	1.67466	184380	0	1
2014.02.16	1.67579	1.68223	1.66125	1.66145	190337	0	1
2014.02.23	1.66323	1.67684	1.65831	1.67398	198788	0	1
2014.03.02	1.67414	1.67855	1.66403	1.67114	206202	0	0
2014.03.09	1.67210	1.67410	1.65681	1.66464	349892	0	0
2014.03.16	1.66344	1.66657	1.64752	1.64852	326235	0	0
2014.03.23	1.64853	1.66511	1.64652	1.66378	351611	0	0
2014.03.30	1.66422	1.66837	1.65536	1.65712	339377	0	0
2014.04.06	1.65713	1.68201	1.65654	1.67304	249548	0	1
2014.04.13	1.67369	1.68417	1.66600	1.67886	186381	0	1
2014.04.20	1.68009	1.68390	1.67623	1.67977	169563	0	1
2014.04.27	1.68025	1.69195	1.67772	1.68685	205731	0	0
2014.05.04	1.68743	1.69961	1.68317	1.68472	234390	0	0
2014.05.11	1.68469	1.69029	1.67316	1.68100	210831	0	0
2014.05.18	1.68227	1.69201	1.68019	1.68300	171787	0	0
2014.05.25	1.68337	1.68816	1.66925	1.67505	153132	0	0
2014.06.01	1.67599	1.68454	1.66988	1.67997	221643	0	0
2014.06.08	1.68083	1.69913	1.67378	1.69634	216974	0	0
2014.06.15	1.69752	1.70626	1.69195	1.70138	222219	0	1
2014.06.22	1.70210	1.70512	1.69521	1.70312	194544	0	0
2014.06.29	1.70341	1.71789	1.70085	1.71595	132918	0	1
2014.07.06	1.71625	1.71669	1.70849	1.71098	154148	0	1
2014.07.13	1.71206	1.71898	1.70360	1.70760	279063	0	1
2014.07.20	1.70810	1.70989	1.69607	1.69734	271442	0	1
2014.07.27	1.69762	1.70007	1.68027	1.68215	278356	0	1
2014.08.03	1.68237	1.68883	1.67663	1.67685	264453	0	6
2014.08.10	1.67736	1.68445	1.66571	1.66861	232979	0	6
2014.08.17	1.67152	1.67371	1.65609	1.65649	250894	0	2
2014.08.24	1.65417	1.66132	1.65366	1.65971	283329	0	1
2014.08.31	1.65895	1.66435	1.62806	1.63262	329540	0	1
2014.09.07	1.61865	1.62770	1.60520	1.62630	450838	0	1
2014.09.14	1.62698	1.65244	1.61621	1.62876	441159	0	1
2014.09.21	1.62905	1.64156	1.62379	1.62416	406559	0	1
2014.09.28	1.62383	1.62873	1.59518	1.59672	385890	0	1
2014.10.05	1.59683	1.62268	1.59542	1.60756	393996	0	1
2014.10.12	1.60681	1.61267	1.58750	1.60915	467448	0	1
2014.10.19	1.60935	1.61838	1.59940	1.60832	365962	0	5
2014.10.26	1.60927	1.61820	1.59414	1.59930	381971	0	1
2014.11.02	1.59725	1.60212	1.57893	1.58700	502182	0	1
2014.11.09	1.58809	1.59441	1.55926	1.56672	460892	0	1
2014.11.16	1.56657	1.57367	1.55897	1.56553	392653	0	1
2014.11.23	1.56361	1.58255	1.56137	1.56389	342876	23109600000	1
2014.11.30	1.56405	1.57634	1.55685	1.55763	342616	0	1
2014.12.07	1.55576	1.57566	1.55411	1.57159	329739	342186346000	1
2014.12.14	1.57144	1.57852	1.55408	1.56167	335019	364528403000	0
2014.12.21	1.56251	1.56651	1.54854	1.55499	634703	754299114000	0
2014.12.28	1.55588	1.56202	1.53242	1.53244	233411	176857868000	0
2015.01.04	1.52995	1.53184	1.50336	1.51571	525457	0	10
2015.01.11	1.51768	1.52678	1.50745	1.51450	570994	0	9
2015.01.18	1.51274	1.52114	1.49503	1.49876	260238	0	8
2015.01.25	1.50079	1.52227	1.49858	1.50619	295136	16422778000	1
2015.02.01	1.50933	1.53516	1.49883	1.52250	389410	0	2
2015.02.08	1.52265	1.54215	1.51959	1.53928	372339	0	6
2015.02.15	1.54178	1.54777	1.53156	1.53983	368799	0	1
2015.02.22	1.53953	1.55516	1.53321	1.54365	334562	0	7
2015.03.01	1.54151	1.54281	1.50314	1.50333	329041	0	6
2015.03.08	1.50345	1.51366	1.46988	1.47397	421796	0	5
2015.03.15	1.47342	1.51648	1.46347	1.49450	469133	0	1
2015.03.22	1.49723	1.49933	1.47959	1.48700	448386	0	6
2015.03.29	1.48826	1.49445	1.47390	1.49179	367130	0	4
2015.04.05	1.49179	1.49806	1.45865	1.46310	345797	0	4
2015.04.12	1.46310	1.50527	1.45650	1.49595	420899	0	4
2015.04.19	1.49595	1.51868	1.48557	1.51855	480551	0	2
2015.04.26	1.51747	1.54977	1.51065	1.51473	584618	0	2
2015.05.03	1.51432	1.55207	1.50897	1.54426	191059	0	1
2015.05.10	1.54484	1.58139	1.53925	1.57271	434938	0	7
2015.05.17	1.57384	1.57446	1.54451	1.54957	562095	0	1
2015.05.24	1.54759	1.55069	1.52356	1.52842	536770	0	6
2015.05.31	1.52923	1.54405	1.51695	1.52711	640133	0	1
2015.06.07	1.52691	1.55975	1.52207	1.55571	776319	0	1
2015.06.14	1.55485	1.59292	1.54870	1.58760	707408	0	1
2015.06.21	1.58714	1.59093	1.56667	1.57455	662242	0	8
2015.06.28	1.56960	1.57878	1.55556	1.55773	718529	0	4
2015.07.05	1.55417	1.56278	1.53297	1.55129	719056	0	5
2015.07.12	1.55028	1.56744	1.54502	1.56054	673693	0	5
2015.07.19	1.56002	1.56701	1.54663	1.55127	817052	206373944000	5
2015.07.26	1.55090	1.56891	1.54902	1.56201	762690	667201687000	0
2015.08.02	1.56289	1.56507	1.54243	1.54958	777367	717422221000	8
2015.08.09	1.54841	1.56594	1.54579	1.56407	603180	505363249000	4
2015.08.16	1.56507	1.57228	1.55617	1.56853	739846	678736357000	10
2015.08.23	1.56764	1.58186	1.53348	1.53897	913880	742228764000	10
2015.08.30	1.54104	1.54363	1.51643	1.51675	640894	600208865000	8
2015.09.06	1.51752	1.54756	1.51707	1.54270	627961	580785363000	9
2015.09.13	1.54263	1.56579	1.53293	1.55243	586018	572274107000	4
2015.09.20	1.55230	1.55674	1.51349	1.51773	637746	620714436000	10
2015.09.27	1.51909	1.52406	1.51064	1.51768	619487	579244753000	0
2015.10.04	1.51871	1.53828	1.51361	1.53238	619746	608762667000	5
2015.10.11	1.53039	1.55081	1.51998	1.54357	607575	593839148000	4
2015.10.18	1.54304	1.55088	1.53056	1.53120	594239	599164086000	0
2015.10.25	1.53078	1.54673	1.52418	1.54275	588357	571109274000	0
2015.11.01	1.54449	1.54971	1.50268	1.50430	604197	578617740000	0
2015.11.08	1.50396	1.52648	1.50381	1.52299	616471	616638629000	0
2015.11.15	1.52242	1.53351	1.51540	1.51892	595195	560058175000	0
2015.11.22	1.51694	1.51957	1.50294	1.50331	609205	586700694000	0
2015.11.29	1.50317	1.51586	1.48945	1.51049	675508	674465322000	0
2015.12.06	1.51065	1.52391	1.49562	1.52226	644454	629186380000	11
2015.12.13	1.52245	1.52300	1.48645	1.48867	681133	642168325000	0
2015.12.20	1.48905	1.49438	1.48050	1.49406	404551	365995045000	0
2015.12.27	1.49008	1.49339	1.47313	1.47317	344023	312176249000	0
2016.01.03	1.47306	1.48152	1.45056	1.45156	715042	656878040000	0
2016.01.10	1.45144	1.46040	1.42511	1.42543	688397	646232431000	0
2016.01.17	1.42472	1.43620	1.40790	1.42645	748579	733066463000	0
2016.01.24	1.42604	1.44128	1.41490	1.42422	792715	762946179000	0
2016.01.31	1.42384	1.46679	1.42276	1.45001	782869	681124159000	10
2016.02.07	1.44787	1.45778	1.43507	1.44921	975321	992971462000	0
2016.02.14	1.44888	1.45349	1.42348	1.44026	835555	834939543000	0
2016.02.21	1.42607	1.43059	1.38534	1.38594	905386	922929730000	0
2016.02.28	1.38557	1.42479	1.38351	1.42293	894006	900707553000	0
2016.03.06	1.42148	1.44361	1.41173	1.43791	720043	669281275000	0
2016.03.13	1.43730	1.45139	1.40526	1.44697	685885	665674288000	0
2016.03.20	1.44595	1.44673	1.40567	1.41238	519675	491432634000	0
2016.03.27	1.41300	1.44586	1.41197	1.42255	693575	746408557000	0
2016.04.03	1.42182	1.43211	1.40047	1.41139	746462	821307231000	0
2016.04.10	1.41137	1.43477	1.40899	1.41981	718049	827118347000	0
2016.04.17	1.41890	1.44512	1.41306	1.43955	712892	690673567000	0
2016.04.24	1.44579	1.46706	1.44023	1.46102	776406	791389064000	0
2016.05.01	1.45863	1.47691	1.44144	1.44247	770014	842820057000	0
2016.05.08	1.44121	1.45304	1.43398	1.43584	667231	745620890000	0
2016.05.15	1.43468	1.46631	1.43318	1.45037	702489	819816236000	0
2016.05.22	1.44975	1.47391	1.44417	1.46182	697965	802409173000	0
2016.05.29	1.46060	1.47241	1.43855	1.45140	725018	824341562000	0
2016.06.05	1.44670	1.46593	1.41793	1.42512	726265	828694280000	0
2016.06.12	1.42556	1.43872	1.40122	1.43558	818016	878619713000	0
2016.06.19	1.44657	1.50171	1.32290	1.36303	952512	1040588452000	0
2016.06.26	1.34226	1.35329	1.31197	1.32600	803847	876099509000	0
2016.07.03	1.32403	1.33402	1.27950	1.29444	725779	772645924000	0
2016.07.10	1.29448	1.34801	1.28499	1.31857	847913	879971942000	0
2016.07.17	1.31857	1.33144	1.30641	1.31086	725608	826605292000	0
2016.07.24	1.31413	1.33011	1.30564	1.32224	576795	538728202000	0
2016.07.31	1.32190	1.33712	1.30206	1.30646	578273	458058295000	0
2016.08.07	1.30711	1.30960	1.29023	1.29167	506837	513169474000	0
2016.08.14	1.29195	1.31843	1.28650	1.30723	552148	530538330000	0
2016.08.21	1.30478	1.32786	1.30338	1.31270	534037	502360185000	0
2016.08.28	1.31183	1.33518	1.30586	1.32895	559123	482545384000	0
2016.09.04	1.32921	1.34445	1.32386	1.32637	549585	448851086000	0
2016.09.11	1.32610	1.33465	1.29955	1.29955	634453	554405359000	0
2016.09.18	1.29988	1.31204	1.29145	1.29594	630515	550670152000	0
2016.09.25	1.29637	1.30574	1.29156	1.29735	635290	532244545000	0
2016.10.02	1.29171	1.29459	1.14754	1.24235	774091	585164636000	0
2016.10.09	1.23946	1.24434	1.20892	1.21680	790129	565646015000	0
2016.10.16	1.21559	1.23318	1.21350	1.22270	577283	385256340000	0
2016.10.23	1.22197	1.22708	1.20817	1.21686	617713	411930058000	0
2016.10.30	1.21868	1.25568	1.21431	1.25090	678090	519861159000	0
2016.11.06	1.24558	1.26730	1.23525	1.25773	830793	625305853000	0
2016.11.13	1.25603	1.25898	1.23015	1.23337	822235	635647349000	0
2016.11.20	1.23419	1.25120	1.23118	1.24673	805535	672526613000	0
2016.11.27	1.24555	1.27362	1.23851	1.27203	672909	435370005000	0
2016.12.04	1.26776	1.27742	1.25478	1.25656	541763	284344964000	0
2016.12.11	1.25783	1.27275	1.23758	1.24847	645348	325475315000	0
2016.12.18	1.24754	1.25014	1.22282	1.22501	525642	308912155000	0
2016.12.25	1.22818	1.23877	1.19594	1.23245	435043	282851882000	0
2017.01.01	1.23260	1.24318	1.21988	1.22799	616741	400839780000	0
2017.01.08	1.22484	1.23160	1.20374	1.21713	744160	429545432000	0
2017.01.15	1.19905	1.24151	1.19864	1.23701	831785	477948588000	0
2017.01.22	1.23717	1.26731	1.23684	1.25448	764560	468620865000	0
2017.01.29	1.25768	1.27057	1.24118	1.24774	747357	482611800000	0
2017.02.05	1.24838	1.25817	1.23463	1.24773	675905	434276293000	0
2017.02.12	1.24655	1.25477	1.23825	1.24017	662349	473278450000	0
2017.02.19	1.24014	1.25692	1.24009	1.24493	605198	429895053000	0
2017.02.26	1.24672	1.24784	1.22137	1.22857	619527	426963024000	0
2017.03.05	1.22787	1.23001	1.21333	1.21527	629860	457972956000	0
2017.03.12	1.21690	1.24044	1.21087	1.23893	666427	464374853000	0
2017.03.19	1.23882	1.25307	1.23345	1.24595	597453	423774768000	0
2017.03.26	1.24895	1.26148	1.23761	1.25342	601089	449814625000	0
2017.04.02	1.25420	1.25554	1.23581	1.23597	551406	386872305000	0
2017.04.09	1.23776	1.25737	1.23654	1.25162	510171	362528315000	0
2017.04.16	1.25285	1.29048	1.25147	1.27992	567799	413668587000	0
2017.04.23	1.28216	1.29647	1.27715	1.29246	582352	405701540000	0
2017.04.30	1.29321	1.29835	1.28302	1.29748	510878	382837702000	0
2017.05.07	1.29825	1.29879	1.28440	1.28779	599725	473439255000	0
2017.05.14	1.28818	1.30470	1.28648	1.30215	644997	500326476000	0
2017.05.21	1.29932	1.30423	1.27746	1.27878	568731	420066941000	0
2017.05.28	1.27931	1.29204	1.27684	1.28813	511602	378506541000	0
2017.06.04	1.28551	1.29770	1.26348	1.27130	540611	0	11
2017.06.11	1.27091	1.28173	1.26380	1.27768	497827	0	11
2017.06.18	1.27700	1.28141	1.25885	1.27160	431042	0	11
2017.06.25	1.27347	1.30293	1.27056	1.30222	469930	0	11
2017.07.02	1.30044	1.30239	1.28664	1.28895	431449	0	11
2017.07.09	1.28808	1.31131	1.28113	1.30959	414408	0	11
2017.07.16	1.30960	1.31251	1.29323	1.29931	484628	0	11
2017.07.23	1.29865	1.31581	1.29865	1.31335	496007	0	11
2017.07.30	1.31254	1.32677	1.30233	1.30351	461500	0	11
2017.08.06	1.30343	1.30583	1.29389	1.30069	433888	0	11
2017.08.13	1.29906	1.30212	1.28311	1.28646	436624	0	11
2017.08.20	1.28542	1.29159	1.27736	1.28717	373639	0	11
2017.08.27	1.29189	1.29951	1.28517	1.29552	416868	0	11
2017.09.03	1.29506	1.32238	1.29082	1.32095	476708	0	11
2017.09.10	1.31857	1.36168	1.31487	1.35512	550596	862992000	0
2017.09.17	1.35577	1.36559	1.34499	1.34917	625282	0	0
2017.09.24	1.34857	1.35705	1.33425	1.33966	607602	0	0
2017.10.01	1.33693	1.34019	1.30270	1.30639	444803	0	0
2017.10.08	1.30865	1.33376	1.30747	1.32775	398069	0	0
2017.10.15	1.32874	1.33115	1.30876	1.31848	414807	0	0
2017.10.22	1.31853	1.32792	1.30695	1.31281	392022	0	0
2017.10.29	1.31084	1.33206	1.30392	1.30740	361797	0	0
2017.11.05	1.30685	1.32292	1.30583	1.31891	353090	0	0
2017.11.12	1.31651	1.32602	1.30618	1.32132	423582	0	0
2017.11.19	1.32148	1.33600	1.31857	1.33285	329836	0	0
2017.11.26	1.33208	1.35492	1.32208	1.34729	479460	0	0
2017.12.03	1.34319	1.35384	1.33199	1.33922	585472	0	0
2017.12.10	1.33801	1.34660	1.32851	1.33175	608123	0	0
2017.12.17	1.33074	1.34204	1.33074	1.33584	663389	0	2
2017.12.24	1.33722	1.35439	1.33473	1.35078	407542	0	2
2017.12.31	1.35053	1.36126	1.34882	1.35728	524172	0	2
2018.01.07	1.35691	1.37438	1.34579	1.37252	788049	0	1
2018.01.14	1.37267	1.39449	1.37236	1.38571	936127	0	1
2018.01.21	1.38933	1.43452	1.38569	1.41575	1228555	0	0
2018.01.28	1.41382	1.42781	1.39797	1.41204	1179862	0	1
2018.02.04	1.41017	1.41503	1.37643	1.38233	1271451	0	1
2018.02.11	1.38062	1.41448	1.37950	1.40339	913856	0	1
2018.02.18	1.40124	1.40493	1.38565	1.39613	799550	0	1
2018.02.25	1.39871	1.40697	1.37115	1.38013	830819	0	1
2018.03.04	1.37955	1.39292	1.37663	1.38530	812217	0	1
2018.03.11	1.38500	1.39954	1.38409	1.39420	635653	0	1
2018.03.18	1.39449	1.42181	1.39125	1.41316	920353	0	1
2018.03.25	1.41319	1.42444	1.40103	1.40211	735052	0	1
2018.04.01	1.40126	1.41052	1.39658	1.40881	475232	0	1
2018.04.08	1.40819	1.42961	1.40781	1.42382	397884	0	1
2018.04.15	1.42375	1.43762	1.40008	1.40010	402445	0	1
2018.04.22	1.39978	1.40309	1.37469	1.37792	400687	0	1
2018.04.29	1.37701	1.37923	1.34861	1.35301	502855	0	1
2018.05.06	1.35304	1.36175	1.34597	1.35412	528457	0	1
2018.05.13	1.35342	1.36082	1.34511	1.34686	471220	0	1
2018.05.20	1.34590	1.34914	1.32922	1.32955	522601	0	1
2018.05.27	1.33121	1.33617	1.32040	1.33474	539995	0	1
2018.06.03	1.33320	1.34723	1.32944	1.34067	469253	0	1
2018.06.10	1.34044	1.34464	1.32110	1.32764	505096	0	1
2018.06.17	1.32614	1.33147	1.31017	1.32652	538804	0	1
2018.06.24	1.32491	1.32919	1.30491	1.32084	570551	0	1
2018.07.01	1.31941	1.32899	1.30946	1.32864	497583	0	1
2018.07.08	1.33148	1.33627	1.31024	1.32349	503789	0	1
2018.07.15	1.32221	1.32925	1.29573	1.31298	475171	0	0
2018.07.22	1.31203	1.32127	1.30709	1.31059	427447	0	4
2018.07.29	1.31081	1.31722	1.29749	1.30023	386249	0	3
2018.08.05	1.29994	1.30076	1.27223	1.27695	372335	0	6
2018.08.12	1.27400	1.28267	1.26611	1.27500	453591	0	3
2018.08.19	1.27414	1.29358	1.27288	1.28476	390219	0	3
2018.08.26	1.28359	1.30429	1.28282	1.29554	427084	0	3
2018.09.02	1.29139	1.30283	1.27848	1.29146	437644	0	3
2018.09.09	1.29217	1.31431	1.28963	1.30686	399001	0	4
2018.09.16	1.30676	1.32979	1.30536	1.30803	437894	0	3
2018.09.23	1.30755	1.32169	1.29995	1.30290	403084	0	4
2018.09.30	1.30380	1.31223	1.29214	1.31147	479701	0	3
2018.10.07	1.31138	1.32572	1.30275	1.31538	594240	0	6
2018.10.14	1.30844	1.32359	1.30107	1.30650	553282	0	6
2018.10.21	1.30627	1.30894	1.27763	1.28233	636070	0	3
2018.10.28	1.28244	1.30404	1.26936	1.29639	577036	0	5
2018.11.04	1.30226	1.31740	1.29576	1.29695	538645	0	5
2018.11.11	1.29145	1.30713	1.27223	1.28216	647701	0	5
2018.11.18	1.28307	1.29267	1.27635	1.28003	419349	0	4
2018.11.25	1.28222	1.28634	1.27245	1.27479	541615	0	3
2018.12.02	1.27430	1.28393	1.26579	1.27313	600020	0	3
2018.12.09	1.27032	1.27593	1.24756	1.25831	640732	0	3
2018.12.16	1.25992	1.27065	1.25437	1.26360	625936	0	6
2018.12.23	1.26197	1.27378	1.26151	1.26945	345926	0	3
2018.12.30	1.26907	1.28137	1.23953	1.27230	371544	0	4
2019.01.06	1.27160	1.28654	1.27060	1.28335	472204	0	3
2019.01.13	1.28502	1.30002	1.26677	1.28739	496314	0	6
2019.01.20	1.28714	1.32173	1.28297	1.31971	506253	0	8
2019.01.27	1.31837	1.32104	1.30426	1.30811	529647	0	4
2019.02.03	1.30614	1.31028	1.28532	1.29392	405700	0	4
2019.02.10	1.29278	1.29581	1.27722	1.28859	436371	0	4
2019.02.17	1.29022	1.31084	1.28908	1.30526	450617	0	6
2019.02.24	1.30679	1.33494	1.30453	1.32027	522290	0	6
2019.03.03	1.32426	1.32536	1.29892	1.30154	502032	0	6
2019.03.10	1.29833	1.33807	1.29594	1.32900	580285	0	8
2019.03.17	1.32953	1.33106	1.30032	1.32077	541145	0	6
2019.03.24	1.32089	1.32687	1.29767	1.30280	580109	0	4
2019.03.31	1.30381	1.31955	1.29862	1.30326	532593	0	3
2019.04.07	1.30337	1.31322	1.30215	1.30696	448177	0	5
2019.04.14	1.30706	1.31184	1.29782	1.29809	465509	0	8
2019.04.21	1.29812	1.30187	1.28650	1.29144	384899	0	3
2019.04.28	1.29147	1.31762	1.29034	1.31728	410261	0	5
2019.05.05	1.31434	1.31700	1.29667	1.30017	467008	0	6
2019.05.12	1.29923	1.30400	1.27122	1.27122	381758	0	5
2019.05.19	1.27287	1.28131	1.26045	1.27104	418555	0	5
2019.05.26	1.27264	1.27472	1.25583	1.26304	409918	0	6
2019.06.02	1.26291	1.27625	1.26097	1.27379	486999	0	4
2019.06.09	1.27231	1.27579	1.25794	1.25890	493844	0	5
2019.06.16	1.25782	1.27459	1.25053	1.27446	517006	0	4
2019.06.23	1.27324	1.27832	1.26601	1.26944	481190	0	6
2019.06.30	1.26943	1.27050	1.24805	1.25214	379152	0	6
2019.07.07	1.25239	1.25786	1.24391	1.25753	343795	0	3
2019.07.14	1.25403	1.25779	1.23817	1.25014	335286	0	3
2019.07.21	1.24896	1.25223	1.23759	1.23815	311633	0	3
2019.07.28	1.23744	1.23828	1.20792	1.21576	409958	0	2
2019.08.04	1.21162	1.22094	1.20221	1.20231	455050	0	3
2019.08.11	1.20398	1.21751	1.20148	1.21433	487580	0	3
2019.08.18	1.21467	1.22932	1.20640	1.22807	444584	0	3
2019.08.25	1.22675	1.23093	1.21391	1.21625	547946	0	2
2019.09.01	1.21395	1.23533	1.19579	1.22850	554108	0	2
2019.09.08	1.22710	1.25051	1.22330	1.24943	405808	0	2
2019.09.15	1.24967	1.25813	1.23918	1.24670	327908	0	2
2019.09.22	1.24644	1.25026	1.22702	1.22871	313518	0	2
2019.09.29	1.22784	1.24129	1.22043	1.23323	319684	0	2
2019.10.06	1.23012	1.27071	1.21950	1.26468	351392	0	2
2019.10.13	1.26210	1.29889	1.25158	1.29695	433845	0	0
2019.10.20	1.29477	1.30120	1.27881	1.28309	376492	0	0
2019.10.27	1.28128	1.29755	1.28064	1.29337	312695	0	0
2019.11.03	1.29264	1.29425	1.27684	1.27748	259901	0	2
2019.11.10	1.27732	1.29188	1.27732	1.28985	222639	0	2
2019.11.17	1.29200	1.29850	1.28226	1.28271	235190	0	2
2019.11.24	1.28523	1.29507	1.28268	1.29170	225052	0	2
2019.12.01	1.29088	1.31663	1.28957	1.31340	224262	0	2
2019.12.08	1.31336	1.35143	1.30492	1.33338	292430	0	2
2019.12.15	1.33353	1.34221	1.29779	1.30006	295132	0	2
2019.12.22	1.29940	1.31170	1.29049	1.30845	174647	0	2
2019.12.29	1.30691	1.32842	1.30535	1.30748	198626	0	1
2020.01.05	1.30815	1.32123	1.30131	1.30640	208702	0	1
2020.01.12	1.30375	1.31185	1.29543	1.30100	195671	0	1
2020.01.19	1.29988	1.31733	1.29620	1.30716	192627	0	1
2020.01.26	1.30757	1.32096	1.29753	1.32096	187736	0	1
2020.02.02	1.31760	1.31841	1.28815	1.28826	198075	0	1
2020.02.09	1.28827	1.30693	1.28718	1.30479	213374	0	1
2020.02.16	1.30349	1.30541	1.28492	1.29573	201914	0	1
2020.02.23	1.29454	1.30179	1.27257	1.28218	285038	0	1
2020.03.01	1.28127	1.30523	1.27392	1.30449	318513	0	1
2020.03.08	1.30733	1.31997	1.22667	1.22905	448493	0	1
2020.03.15	1.22972	1.24232	1.14101	1.15992	543740	0	1
2020.03.22	1.16699	1.24852	1.14465	1.24746	330810	0	1
2020.03.29	1.24154	1.24751	1.22055	1.22694	240766	0	1
2020.04.05	1.22247	1.24867	1.21647	1.24392	169169	0	1
2020.04.12	1.24513	1.26473	1.24070	1.25057	164814	0	1
2020.04.19	1.24918	1.25000	1.22473	1.23662	165042	0	1
2020.04.26	1.23619	1.26435	1.23598	1.24919	160285	0	1
2020.05.03	1.24810	1.24847	1.22661	1.24089	163898	0	1
2020.05.10	1.24014	1.24375	1.21016	1.21023	204274	0	1
2020.05.17	1.20882	1.22958	1.20765	1.21671	180801	0	1
2020.05.24	1.21720	1.23939	1.21639	1.23510	204654	0	1
2020.05.31	1.23264	1.27312	1.23264	1.26679	249255	0	1
2020.06.07	1.26852	1.28130	1.24738	1.25490	276203	0	1
2020.06.14	1.25159	1.26873	1.23440	1.23492	272217	0	1
2020.06.21	1.23433	1.25426	1.23145	1.23360	228531	0	1
2020.06.28	1.23340	1.25300	1.22516	1.24832	183636	0	1
2020.07.05	1.24723	1.26696	1.24628	1.26205	190814	0	1
2020.07.12	1.26128	1.26662	1.24803	1.25683	183837	0	1
2020.07.19	1.25534	1.28034	1.25182	1.27960	195373	0	1
2020.07.26	1.27942	1.31701	1.27806	1.30829	221286	0	1
2020.08.02	1.30754	1.31856	1.29813	1.30537	217722	0	1
2020.08.09	1.30604	1.31425	1.30052	1.30908	191381	0	1
2020.08.16	1.30906	1.32673	1.30590	1.30897	206508	0	1
2020.08.23	1.30820	1.33566	1.30538	1.33504	210624	0	1
2020.08.30	1.33451	1.34824	1.31759	1.32768	223033	0	1
2020.09.06	1.32575	1.32645	1.27637	1.27973	217503	0	1
2020.09.13	1.27751	1.30071	1.27725	1.29226	204711	0	1
2020.09.20	1.29210	1.29663	1.26753	1.27421	219666	0	1
2020.09.27	1.27565	1.29783	1.27513	1.29378	212047	0	1
2020.10.04	1.29218	1.30495	1.28461	1.30495	172317	0	1
2020.10.11	1.30264	1.30826	1.28632	1.29078	180007	0	1
2020.10.18	1.28995	1.31767	1.28950	1.30447	177169	0	1
2020.10.25	1.30489	1.30797	1.28810	1.29502	214623	0	1
2020.11.01	1.29219	1.31771	1.28552	1.31485	246403	0	1
2020.11.08	1.31555	1.33125	1.31063	1.31982	233859	0	1
2020.11.15	1.31663	1.33123	1.31657	1.32904	182855	0	1
2020.11.22	1.32865	1.33978	1.32639	1.33087	165729	0	1
2020.11.29	1.33262	1.35390	1.32878	1.34347	192797	0	1
2020.12.06	1.34100	1.34780	1.31345	1.32319	203871	0	1
2020.12.13	1.33450	1.36243	1.32802	1.34988	180649	0	1
2020.12.20	1.34103	1.36192	1.31884	1.35463	170090	0	1
2020.12.27	1.35448	1.36862	1.34293	1.36622	148560	0	1
2021.01.03	1.36486	1.37038	1.35330	1.35617	247719	0	1
2021.01.10	1.35605	1.37095	1.34511	1.35823	201043	0	1
2021.01.17	1.35840	1.37458	1.35202	1.36829	170409	0	1
2021.01.24	1.36800	1.37588	1.36100	1.36990	208881	0	1
2021.01.31	1.37038	1.37576	1.35662	1.37364	184373	0	1
2021.02.07	1.37189	1.38660	1.36806	1.38532	146868	0	1
2021.02.14	1.38454	1.40360	1.38295	1.40046	156648	0	1
2021.02.21	1.40127	1.42354	1.38878	1.39269	210179	0	1
2021.02.28	1.39295	1.40169	1.37790	1.38293	213888	0	1
2021.03.07	1.38098	1.40048	1.38000	1.39193	198090	0	1
2021.03.14	1.39136	1.40014	1.38094	1.38632	179801	0	1
2021.03.21	1.38378	1.38767	1.36705	1.37917	162290	0	1
2021.03.28	1.37834	1.38523	1.37063	1.38295	150605	0	1
2021.04.04	1.38232	1.39187	1.36705	1.37025	139928	0	1
2021.04.11	1.37066	1.38404	1.36691	1.38403	141866	0	1
2021.04.18	1.38304	1.40088	1.38098	1.38844	147344	0	1
2021.04.25	1.38712	1.39764	1.38028	1.38130	144970	0	1
2021.05.02	1.38075	1.40055	1.37998	1.39869	152369	0	1
2021.05.09	1.40041	1.41666	1.39929	1.40971	175991	0	1
2021.05.16	1.40950	1.42337	1.40772	1.41511	170923	0	1
2021.05.23	1.41503	1.42190	1.40916	1.41878	176837	0	1
2021.05.30	1.41819	1.42485	1.40832	1.41648	170774	0	1
2021.06.06	1.41546	1.41899	1.40736	1.41130	160378	0	1
2021.06.13	1.41059	1.41328	1.37916	1.37971	181747	0	1
2021.06.20	1.38046	1.40013	1.37865	1.38823	185260	0	1
2021.06.27	1.38828	1.39397	1.37322	1.38326	161458	0	1
2021.07.04	1.38219	1.39007	1.37420	1.39000	188022	0	1
2021.07.11	1.38933	1.39098	1.37609	1.37650	173389	0	1
2021.07.18	1.37710	1.37870	1.35719	1.37460	180847	0	1
2021.07.25	1.37502	1.39833	1.37370	1.39073	150431	0	1
2021.08.01	1.38974	1.39578	1.38614	1.38745	128383	0	1
2021.08.08	1.38715	1.38946	1.37906	1.38697	114263	0	1
2021.08.15	1.38594	1.38783	1.36021	1.36228	123463	0	1
2021.08.22	1.36142	1.37809	1.36097	1.37571	116904	0	1
2021.08.29	1.37558	1.38916	1.37313	1.38579	121855	0	1
2021.09.05	1.38553	1.38887	1.37264	1.38307	135746	0	1
2021.09.12	1.38339	1.39130	1.37273	1.37279	147974	0	1
2021.09.19	1.37401	1.37505	1.36095	1.36720	172287	0	1
2021.09.26	1.36638	1.37288	1.34119	1.35429	217980	0	1
2021.10.03	1.35524	1.36579	1.35316	1.36182	309750	0	2
2021.10.10	1.36167	1.37732	1.35688	1.37443	215863	0	2
2021.10.17	1.37445	1.38343	1.37091	1.37597	215540	0	2
2021.10.24	1.37439	1.38296	1.36682	1.36929	261753	0	2
2021.10.31	1.36790	1.36984	1.34243	1.34954	273961	0	2
2021.11.07	1.34907	1.36070	1.33532	1.34127	229816	0	2
2021.11.14	1.34148	1.35135	1.33962	1.34452	222116	0	2
2021.11.21	1.34483	1.34497	1.32786	1.33239	245918	0	2
2021.11.28	1.33369	1.33702	1.31945	1.32307	289722	0	2
2021.12.05	1.32410	1.32891	1.31611	1.32630	213633	0	2
2021.12.12	1.32501	1.33744	1.31720	1.32364	212798	0	2
2021.12.19	1.32354	1.34376	1.31733	1.33865	187774	0	2
2021.12.26	1.33852	1.35502	1.33852	1.35248	124588	0	2
2022.01.02	1.35237	1.35983	1.34310	1.35910	180304	0	2
2022.01.09	1.35763	1.37487	1.35325	1.36796	202273	0	2
2022.01.16	1.36689	1.36898	1.35455	1.35524	231066	0	2
2022.01.23	1.35468	1.35653	1.33579	1.33952	248908	0	2
2022.01.30	1.33916	1.36277	1.33866	1.35284	197051	0	2
2022.02.06	1.35349	1.36436	1.34906	1.35607	221349	0	2
2022.02.13	1.35502	1.36427	1.34865	1.35928	227087	0	2
2022.02.20	1.35875	1.36384	1.32728	1.34098	342125	0	2
2022.02.27	1.33312	1.34372	1.32026	1.32346	347712	0	2
2022.03.06	1.32213	1.32395	1.30273	1.30372	277326	0	2
2022.03.13	1.30394	1.32110	1.30002	1.31763	233679	0	2
2022.03.20	1.31705	1.32983	1.31199	1.31830	257199	0	2
2022.03.27	1.31758	1.31846	1.30509	1.31114	330838	0	2
2022.04.03	1.30971	1.31667	1.29823	1.30340	291026	0	2
2022.04.10	1.30293	1.31472	1.29732	1.30583	301170	0	2
2022.04.17	1.30515	1.30901	1.28229	1.28389	313234	0	2
2022.04.24	1.28324	1.28415	1.24114	1.25769	380695	0	2
2022.05.01	1.25795	1.26378	1.22760	1.23364	367059	0	2
2022.05.08	1.23375	1.24059	1.21558	1.22593	435054	0	2
2022.05.15	1.22388	1.25245	1.22169	1.24920	410380	0	2
2022.05.22	1.24776	1.26668	1.24704	1.26294	375637	0	2
2022.05.29	1.26173	1.26598	1.24587	1.24863	325834	0	2
2022.06.05	1.24866	1.25995	1.23010	1.23112	378329	0	2
2022.06.12	1.23148	1.24063	1.19340	1.22188	571224	0	2
2022.06.19	1.22146	1.23239	1.21609	1.22722	418376	0	2
2022.06.26	1.22610	1.23323	1.19758	1.20938	446212	0	2
2022.07.03	1.20977	1.21651	1.18759	1.20338	449210	0	2
2022.07.10	1.20146	1.20369	1.17601	1.18638	492949	0	2
2022.07.17	1.18638	1.20640	1.18625	1.19783	419336	0	2
2022.07.24	1.19938	1.22457	1.19605	1.21829	352474	0	2
2022.07.31	1.21641	1.22935	1.20033	1.20742	383006	0	2
2022.08.07	1.20673	1.22762	1.20475	1.21359	301446	0	2
2022.08.14	1.21254	1.21482	1.17921	1.18255	304054	0	2
2022.08.21	1.18205	1.19009	1.17173	1.17388	326772	0	2
2022.08.28	1.17388	1.17605	1.14959	1.15135	378672	0	2
2022.09.04	1.14833	1.16478	1.14053	1.15870	370947	0	2
2022.09.11	1.16273	1.17380	1.13504	1.14228	346697	0	2
2022.09.18	1.14109	1.14605	1.08392	1.08466	378545	0	2
2022.09.25	1.08009	1.12345	1.03337	1.11550	599813	0	2
2022.10.02	1.11647	1.14953	1.10552	1.10865	516568	0	2
2022.10.09	1.10873	1.13808	1.09230	1.11769	866053	0	2
2022.10.16	1.12211	1.14394	1.10602	1.12926	973006	0	2
2022.10.23	1.13809	1.16451	1.12576	1.16137	936207	0	2
2022.10.30	1.15863	1.16132	1.11455	1.13720	810780	0	2
2022.11.06	1.13081	1.18544	1.12900	1.18328	810687	0	2
2022.11.13	1.18055	1.20288	1.17098	1.18836	823399	0	2
2022.11.20	1.18853	1.21534	1.17785	1.20899	669769	0	2
2022.11.27	1.20645	1.23099	1.19000	1.22899	868792	0	2
2022.12.04	1.22750	1.23441	1.21059	1.22602	773034	0	2
2022.12.11	1.22561	1.24464	1.21192	1.21528	802943	0	2
2022.12.18	1.21457	1.22416	1.19921	1.20499	755597	0	2
2022.12.25	1.20543	1.21259	1.20020	1.20924	485475	0	2
2023.01.01	1.20812	1.20996	1.18410	1.20948	677718	0	2
2023.01.08	1.20807	1.22485	1.20792	1.22354	716899	0	2
2023.01.15	1.22135	1.24356	1.21689	1.23994	659991	0	2
2023.01.22	1.24003	1.24477	1.22629	1.23980	527864	0	2
2023.01.29	1.23879	1.24173	1.20469	1.20511	592894	0	2
2023.02.05	1.20327	1.21938	1.19610	1.20580	536263	0	2
2023.02.12	1.20619	1.22698	1.19148	1.20407	627222	0	2
2023.02.19	1.20255	1.21476	1.19278	1.19389	601849	0	2
2023.02.26	1.19419	1.21434	1.19223	1.20439	585725	0	2
2023.03.05	1.20280	1.21135	1.18021	1.20315	590581	0	2
2023.03.12	1.20714	1.22035	1.20100	1.21760	846071	0	2
2023.03.19	1.22033	1.23435	1.21667	1.22300	519046	0	2
2023.03.26	1.22266	1.24230	1.22188	1.23302	404131	0	2
2023.04.02	1.23265	1.25253	1.22741	1.24161	350197	0	2
2023.04.09	1.24189	1.25468	1.23442	1.24145	343596	0	2
2023.04.16	1.24067	1.24742	1.23531	1.24439	344026	0	2
2023.04.23	1.24402	1.25838	1.23866	1.25671	391838	0	2
2023.04.30	1.25562	1.26525	1.24354	1.26310	420650	0	2
2023.05.07	1.26287	1.26799	1.24447	1.24481	330340	0	2
2023.05.14	1.24511	1.25464	1.23916	1.24460	331693	0	2
2023.05.21	1.24375	1.24722	1.23080	1.23498	383629	0	2
2023.05.28	1.23406	1.25445	1.23267	1.24497	335335	0	2
2023.06.04	1.24448	1.25903	1.23684	1.25801	325381	0	2
2023.06.11	1.25651	1.28482	1.24868	1.28201	348129	0	2
2023.06.18	1.28178	1.28393	1.26851	1.27160	399246	0	2
2023.06.25	1.27080	1.27592	1.25907	1.26939	375836	0	2
2023.07.02	1.26968	1.28495	1.26583	1.28380	330454	0	2
2023.07.09	1.28288	1.31421	1.27504	1.30913	364194	0	2
2023.07.16	1.30921	1.31256	1.28158	1.28533	367121	0	2
2023.07.23	1.28481	1.29956	1.27628	1.28461	411946	0	2
2023.07.30	1.28461	1.28726	1.26201	1.27497	373288	0	2
2023.08.06	1.27468	1.28186	1.26658	1.26963	331095	0	2
2023.08.13	1.26963	1.27872	1.26164	1.27334	376388	0	2
2023.08.20	1.27334	1.28005	1.25478	1.25767	352260	0	2
2023.08.27	1.25790	1.27461	1.25626	1.25875	374282	0	2
2023.09.03	1.25887	1.26426	1.24455	1.24605	433868	0	50
2023.09.10	1.24688	1.25482	1.23787	1.23847	491040	0	50
2023.09.17	1.23816	1.24247	1.22304	1.22365	416154	0	50
2023.09.24	1.22480	1.22716	1.21102	1.22019	455626	0	50
2023.10.01	1.21897	1.22614	1.20371	1.22334	488659	0	50
2023.10.08	1.22017	1.23375	1.21225	1.21370	640450	0	50
2023.10.15	1.21381	1.22195	1.20898	1.21637	561525	0	50
2023.10.22	1.21525	1.22886	1.20692	1.21211	525399	0	50
2023.10.29	1.21166	1.23895	1.20900	1.23794	549733	0	50
2023.11.05	1.23716	1.24285	1.21871	1.22235	514132	0	50
2023.11.12	1.22188	1.25059	1.22066	1.24627	473679	0	50
2023.11.19	1.24476	1.26154	1.24457	1.26019	439129	0	50
2023.11.26	1.25996	1.27331	1.25908	1.27098	548920	0	50
2023.12.03	1.27020	1.27244	1.25020	1.25481	457080	0	2
2023.12.10	1.25306	1.27939	1.25001	1.26744	405927	0	2
2023.12.17	1.26680	1.27616	1.26120	1.26973	385680	0	2
2023.12.24	1.26877	1.28274	1.26844	1.27340	240636	0	2
2023.12.31	1.27204	1.27707	1.26106	1.27162	342688	0	2
2024.01.07	1.27092	1.27854	1.26732	1.27493	378218	0	2
2024.01.14	1.27419	1.27655	1.25963	1.27020	406010	0	2
2024.01.21	1.26926	1.27747	1.26490	1.27029	366475	0	2
2024.01.28	1.26971	1.27721	1.26137	1.26333	403809	0	2
2024.02.04	1.26277	1.26431	1.25180	1.26300	364841	0	2
2024.02.11	1.26199	1.26905	1.25353	1.26005	364074	0	2
2024.02.18	1.25994	1.27092	1.25792	1.26697	353766	0	2
2024.02.25	1.26712	1.26996	1.25996	1.26551	344876	0	2
2024.03.03	1.26497	1.28936	1.26449	1.28570	353673	0	2
2024.03.10	1.28522	1.28618	1.27249	1.27357	370273	0	2
2024.03.17	1.27267	1.28035	1.25751	1.25990	350330	0	2
2024.03.24	1.25948	1.26677	1.25854	1.26236	259658	0	2
2024.03.31	1.26240	1.26834	1.25392	1.26375	318371	0	3
2024.04.07	1.26240	1.27093	1.24264	1.24498	384681	0	2
2024.04.14	1.24362	1.24983	1.23664	1.23707	469408	0	2
2024.04.21	1.23706	1.25408	1.22992	1.24922	367649	0	2
2024.04.28	1.24748	1.26334	1.24659	1.25462	410499	0	2
2024.05.05	1.25377	1.25940	1.24457	1.25237	299071	0	2
2024.05.12	1.25119	1.27115	1.25092	1.27003	335673	0	2
2024.05.19	1.26905	1.27611	1.26740	1.27358	328905	0	2
2024.05.26	1.27317	1.28004	1.26807	1.27422	328890	0	2
2024.06.02	1.27336	1.28174	1.26941	1.27219	373626	0	2
2024.06.09	1.27251	1.28603	1.26567	1.26866	291474	0	2
2024.06.16	1.26819	1.27398	1.26218	1.26406	203917	0	2
2024.06.23	1.26334	1.27022	1.26126	1.26434	300005	0	2
2024.06.30	1.26538	1.28169	1.26153	1.28144	319177	0	2
2024.07.07	1.27959	1.29906	1.27772	1.29865	346991	0	2
2024.07.14	1.29664	1.30444	1.29009	1.29106	403618	0	2
2024.07.21	1.29119	1.29421	1.28487	1.28664	393957	0	2
2024.07.28	1.28586	1.28879	1.27070	1.28048	466890	0	2
2024.08.04	1.28003	1.28168	1.26647	1.27576	618594	0	2
2024.08.11	1.27591	1.29457	1.27465	1.29441	360403	0	2
2024.08.18	1.29323	1.32301	1.29315	1.32177	388487	0	2
2024.08.25	1.32127	1.32658	1.31094	1.31292	375456	0	2
2024.09.01	1.31293	1.32385	1.30875	1.31295	369815	0	2
2024.09.08	1.31159	1.31575	1.30018	1.31230	391115	0	2
2024.09.15	1.31200	1.33403	1.31181	1.33215	456666	0	2
2024.09.22	1.33109	1.34341	1.32481	1.33718	479048	0	2
2024.09.29	1.33663	1.34229	1.30696	1.31207	506587	0	2
2024.10.06	1.31113	1.31344	1.30138	1.30652	416249	0	2
2024.10.13	1.30570	1.31026	1.29734	1.30486	374453	0	2
2024.10.20	1.30439	1.30576	1.29071	1.29597	365976	0	2
2024.10.27	1.29543	1.30428	1.28433	1.29190	435905	0	4
2024.11.03	1.29642	1.30475	1.28336	1.29182	558719	0	2
2024.11.10	1.28970	1.29254	1.25968	1.26148	505867	0	4
2024.11.17	1.26186	1.27144	1.24869	1.25310	484343	0	5
2024.11.24	1.25869	1.27495	1.25065	1.27354	492481	0	5
2024.12.01	1.27238	1.28110	1.26168	1.27387	439374	0	4
2024.12.08	1.27332	1.27987	1.26077	1.26214	419318	0	4
2024.12.15	1.26098	1.27283	1.24747	1.25672	462374	0	5
2024.12.22	1.25605	1.25922	1.25007	1.25747	247954	0	5
2024.12.29	1.25724	1.26068	1.23520	1.24214	301707	0	5
2025.01.05	1.24222	1.25756	1.21911	1.22036	424337	0	4
2025.01.12	1.21962	1.23059	1.20996	1.21640	395643	0	4
2025.01.19	1.21707	1.25016	1.21601	1.24840	396630	0	6
2025.01.26	1.24658	1.25230	1.23857	1.23904	431588	0	6
2025.02.02	1.23090	1.25495	1.22490	1.23991	432186	0	4
2025.02.09	1.23686	1.26299	1.23323	1.25845	324738	0	4
2025.02.16	1.25829	1.26784	1.25630	1.26291	293024	0	4
2025.02.23	1.26300	1.27157	1.25590	1.25780	346629	0	4
2025.03.02	1.25783	1.29443	1.25776	1.29221	444440	0	6
2025.03.09	1.29115	1.29878	1.28613	1.29370	364085	0	4
2025.03.16	1.29208	1.30145	1.28874	1.29136	270446	0	6
2025.03.23	1.28950	1.29918	1.28707	1.29423	278502	0	6
2025.03.30	1.29337	1.32070	1.28532	1.28845	418964	0	6
2025.04.06	1.28312	1.31448	1.27080	1.30724	613336	0	6
2025.04.13	1.30825	1.32984	1.30632	1.32916	468904	0	6
2025.04.20	1.32726	1.34233	1.32334	1.33125	313977	0	6
2025.04.27	1.32985	1.34437	1.32593	1.32671	271092	0	6
2025.05.04	1.32608	1.34021	1.32118	1.32962	273576	0	6
2025.05.11	1.32600	1.33600	1.31395	1.32817	329687	0	6
2025.05.18	1.32717	1.35389	1.32654	1.35331	316919	0	6
2025.05.25	1.35220	1.35928	1.34150	1.34562	288670	0	6
2025.06.01	1.34609	1.36160	1.34483	1.35250	297696	0	6
2025.06.08	1.35240	1.36321	1.34559	1.35682	293396	0	6
2025.06.15	1.35506	1.36219	1.33823	1.34467	313903	0	6
2025.06.22	1.33959	1.37702	1.33700	1.37183	333788	0	6
2025.06.29	1.37017	1.37884	1.35625	1.36410	303609	0	6
2025.07.06	1.36414	1.36576	1.34809	1.34925	291742	0	6
2025.07.13	1.34848	1.35040	1.33646	1.34077	288798	0	6
2025.07.20	1.34128	1.35887	1.34017	1.34295	287724	0	6
2025.07.27	1.34251	1.34528	1.31391	1.32825	354796	0	6
2025.08.03	1.32745	1.34585	1.32532	1.34447	310682	0	6
2025.08.10	1.34410	1.35945	1.33987	1.35550	296000	0	6
2025.08.17	1.35497	1.35649	1.33903	1.35253	291591	0	6
2025.08.24	1.35146	1.35306	1.34160	1.35026	326164	0	6
2025.08.31	1.34933	1.35544	1.33327	1.35059	351116	0	6
2025.09.07	1.34958	1.35902	1.34820	1.35592	295363	0	6
2025.09.14	1.35445	1.37262	1.34628	1.34687	314038	0	6
2025.09.21	1.34598	1.35362	1.33232	1.34031	287319	0	6
2025.09.28	1.33887	1.35273	1.33854	1.34787	269886	0	4
2025.10.05	1.34334	1.34895	1.32615	1.33519	300313	0	4
2025.10.12	1.33429	1.34712	1.32482	1.34250	358892	0	4
2025.10.19	1.34220	1.34429	1.32872	1.33090	318171	0	4
2025.10.26	1.33151	1.33696	1.30966	1.31431	321661	0	4
2025.11.02	1.31273	1.31745	1.30097	1.31587	268674	0	4
2025.11.09	1.31552	1.32153	1.30842	1.31732	335867	0	4
2025.11.16	1.31519	1.31930	1.30374	1.31014	357920	0	4
2025.11.23	1.30941	1.32679	1.30804	1.32343	382759	0	4
2025.11.30	1.32221	1.33847	1.31793	1.33271	316785	0	4
2025.12.07	1.33175	1.34381	1.32868	1.33668	349737	0	4
2025.12.14	1.33689	1.34560	1.33114	1.33749	384611	0	4
2025.12.21	1.33763	1.35340	1.33710	1.34956	283653	0	4
2025.12.28	1.34830	1.35303	1.34015	1.34594	281176	0	4
2026.01.04	1.34451	1.35675	1.33924	1.33969	376220	0	4
2026.01.11	1.33938	1.34946	1.33624	1.33743	329386	0	4
2026.01.18	1.33432	1.36450	1.33392	1.36424	370266	0	4
2026.01.25	1.36589	1.38685	1.36426	1.36828	541049	0	4
2026.02.01	1.36869	1.37331	1.35083	1.36082	454803	0	4
2026.02.08	1.35903	1.37119	1.35863	1.36502	393247	0	4
2026.02.15	1.36381	1.36619	1.34339	1.34841	312538	0	2
2026.02.22	1.34885	1.35751	1.34394	1.34774	350405	0	2
2026.03.01	1.34027	1.34557	1.32531	1.33982	621996	0	2
2026.03.08	1.33325	1.34832	1.32179	1.32206	588518	0	2
2026.03.15	1.32310	1.34671	1.32189	1.33424	507132	0	2
2026.03.22	1.33055	1.34792	1.32568	1.32690	575993	0	3
2026.03.29	1.32551	1.33461	1.31588	1.32105	375503	0	3
