<DATE>	<OPEN>	<HIGH>	<LOW>	<CLOSE>	<TICKVOL>	<VOL>	<SPREAD>
2010.01.01	92.918	93.748	89.132	90.255	888938	0	10
2010.02.01	90.205	92.141	88.572	88.956	808553	0	10
2010.03.01	88.931	93.626	88.136	93.443	732567	0	9
2010.04.01	93.433	94.683	91.595	93.838	776161	0	9
2010.05.01	93.932	94.978	88.254	91.161	1108332	0	9
2010.06.01	91.151	92.877	88.279	88.400	996922	1629910000	6
2010.07.01	88.399	89.145	85.980	86.458	839902	85094601000	6
2010.08.01	86.410	86.871	83.619	84.169	698836	0	9
2010.09.01	84.170	85.922	82.869	83.489	664701	0	9
2010.10.01	83.491	83.972	80.376	80.389	721761	0	9
2010.11.01	80.357	84.398	80.295	83.659	1201006	0	9
2010.12.01	83.659	84.494	80.934	81.126	1302732	0	4
2011.01.01	81.106	83.674	81.071	82.055	1257677	0	4
2011.02.01	82.054	83.964	81.129	81.764	1096836	0	9
2011.03.01	81.761	83.287	76.404	83.171	1520390	0	9
2011.04.01	83.171	85.514	81.032	81.181	1123369	9620929000	6
2011.05.01	81.099	82.229	79.582	81.499	975107	0	6
2011.06.01	81.493	81.494	79.694	80.558	1112704	0	9
2011.07.01	80.558	81.467	76.722	76.768	903581	27686970000	6
2011.08.01	77.391	80.228	75.957	76.732	1381276	249960685043	6
2011.09.01	76.731	77.849	76.094	76.989	1211968	0	9
2011.10.01	77.095	79.523	75.570	78.172	1088147	0	9
2011.11.01	78.107	78.963	76.561	77.575	1028374	0	7
2011.12.01	77.576	78.211	76.856	76.885	771008	0	3
2012.01.01	77.090	78.277	76.151	76.293	836216	0	4
2012.02.01	76.292	81.575	76.018	81.276	1029588	0	4
2012.03.01	81.277	84.167	80.578	82.848	1231393	0	5
2012.04.01	82.954	83.292	79.731	79.821	1116896	0	5
2012.05.01	79.822	80.607	78.206	78.364	1161648	0	5
2012.06.01	78.365	80.615	77.657	79.785	1300045	0	5
2012.07.01	79.905	80.090	77.944	78.112	1019557	0	5
2012.08.01	78.114	79.650	77.917	78.377	947462	0	4
2012.09.01	78.326	79.209	77.135	77.942	890174	0	4
2012.10.01	77.960	80.371	77.780	79.810	796023	0	4
2012.11.01	79.809	82.831	79.070	82.467	1578682	0	4
2012.12.01	82.400	86.680	81.711	86.610	1444868	0	4
2013.01.01	86.658	91.797	86.535	91.733	2271470	0	5
2013.02.01	91.732	94.431	90.929	92.623	2180886	0	1
2013.03.01	92.622	96.707	92.438	94.150	907782	0	1
2013.04.01	94.252	99.944	92.568	97.381	1156481	0	1
2013.05.01	97.383	103.733	97.022	100.433	1205078	0	1
2013.06.01	100.544	100.721	93.788	99.121	1584572	0	1
2013.07.01	99.212	101.531	97.584	97.803	1213050	0	1
2013.08.01	97.808	99.948	95.809	98.116	1117212	0	0
2013.09.01	98.321	100.608	97.499	98.240	847752	0	1
2013.10.01	98.245	99.003	96.567	98.353	838278	0	1
2013.11.01	98.354	102.612	97.633	102.405	657312	0	1
2013.12.01	102.499	105.412	101.624	105.252	679014	0	1
2014.01.01	105.237	105.440	101.842	101.932	856585	0	1
2014.02.01	102.142	102.827	100.755	101.779	726887	0	1
2014.03.01	101.480	103.759	101.199	103.224	1078910	0	0
2014.04.01	103.224	104.127	101.324	102.217	885875	0	0
2014.05.01	102.222	103.018	100.821	101.746	722223	0	0
2014.06.01	101.811	102.794	101.233	101.299	679554	0	0
2014.07.01	101.301	103.079	101.065	102.798	855942	0	1
2014.08.01	102.800	104.268	101.505	104.084	740492	0	1
2014.09.01	104.144	109.849	104.096	109.606	1128940	0	1
2014.10.01	109.610	112.469	105.197	112.315	1667361	0	1
2014.11.01	112.939	118.974	112.567	118.584	1668425	23056830000	1
2014.12.01	118.741	121.843	115.564	119.836	1819592	2274858445000	0
2015.01.01	120.401	120.741	115.850	117.470	2422508	2946014040000	0
2015.02.01	116.930	120.471	116.872	119.622	1326898	0	1
2015.03.01	119.698	122.021	118.324	120.113	1452570	0	1
2015.04.01	120.092	120.841	118.492	119.395	1434544	0	2
2015.05.01	119.386	124.448	118.886	124.112	1295214	0	2
2015.06.01	124.096	125.853	121.935	122.487	2466500	0	2
2015.07.01	122.483	124.577	120.408	123.850	2794971	1245649252000	3
2015.08.01	123.866	125.276	116.131	121.215	3071131	3555112752000	3
2015.09.01	121.191	121.326	118.591	119.872	3837339	4666331211000	4
2015.10.01	119.871	121.485	118.058	120.603	3012755	4090837905000	0
2015.11.01	120.385	123.751	120.252	123.100	2475118	3396417474000	0
2015.12.01	123.100	123.667	119.999	120.207	2612167	3027191449000	0
2016.01.01	120.196	121.686	115.970	121.119	3718872	3795381303000	0
2016.02.01	121.314	121.482	110.979	112.669	4195717	4057560646000	0
2016.03.01	112.666	114.550	110.664	112.571	3110296	3598153749000	0
2016.04.01	112.549	112.580	106.274	106.334	2987784	3852503691000	0
2016.05.01	106.223	111.445	105.545	110.707	2779127	3642722460000	0
2016.06.01	110.707	110.827	98.935	103.176	3743799	5074103811000	0
2016.07.01	103.190	107.488	99.988	102.040	3347531	4721397051000	0
2016.08.01	102.212	103.528	99.536	103.414	2773697	3139567023000	0
2016.09.01	103.410	104.316	100.081	101.322	3006085	3101220245000	0
2016.10.01	101.208	105.528	101.125	104.761	2610509	2303890116000	0
2016.11.01	104.760	114.534	101.186	114.444	4137941	3395450253000	0
2016.12.01	114.406	118.659	112.859	116.814	3138770	2134848959000	0
2017.01.01	116.780	118.602	112.076	112.784	4078085	3387987380000	0
2017.02.01	112.771	114.953	111.588	112.752	3036675	3035094295000	0
2017.03.01	112.733	115.500	110.106	111.264	3407014	3312452482000	0
2017.04.01	111.355	111.774	108.129	111.528	2738639	2692717396000	0
2017.05.01	111.207	114.365	110.231	110.777	2812495	2870361375000	0
2017.06.01	110.777	112.922	108.805	112.361	2231756	232847827000	0
2017.07.01	112.112	114.490	110.210	110.253	2373389	0	9
2017.08.01	110.243	111.046	108.264	109.955	2823889	0	9
2017.09.01	109.978	113.256	107.314	112.445	2447103	1867893000	0
2017.10.01	112.505	114.451	111.653	113.634	2156623	0	0
2017.11.01	113.629	114.734	110.841	112.527	2208538	0	0
2017.12.01	112.527	113.750	111.401	112.695	2340170	0	0
2018.01.01	112.503	113.386	108.282	109.185	3536296	0	1
2018.02.01	109.184	110.482	105.545	106.662	4383927	0	1
2018.03.01	106.662	107.292	104.628	106.279	3590976	0	0
2018.04.01	106.165	109.536	105.656	109.327	1668456	0	1
2018.05.01	109.341	111.395	108.111	108.802	1918883	0	0
2018.06.01	108.802	110.943	108.720	110.756	1591622	0	0
2018.07.01	110.585	113.167	110.275	111.862	1765933	0	0
2018.08.01	111.814	112.147	109.770	111.089	1368137	0	3
2018.09.01	111.051	113.703	110.376	113.671	1084869	0	3
2018.10.01	113.696	114.546	111.374	112.928	2042765	0	3
2018.11.01	112.928	114.203	112.300	113.471	1436578	0	3
2018.12.01	113.689	113.817	109.553	109.603	1808469	0	3
2019.01.01	109.424	109.995	104.720	108.853	1782646	0	3
2019.02.01	108.851	111.490	108.720	111.373	1158947	0	3
2019.03.01	111.378	112.132	109.704	110.810	1322527	0	1
2019.04.01	110.994	112.396	110.804	111.419	1041283	0	3
2019.05.01	111.428	111.691	108.274	108.276	1499099	0	2
2019.06.01	108.270	108.797	106.774	107.917	1378184	0	3
2019.07.01	107.914	108.999	107.209	108.750	997812	0	3
2019.08.01	108.769	109.317	104.449	106.253	2007037	0	2
2019.09.01	106.027	108.475	105.735	108.070	1338024	0	2
2019.10.01	108.070	109.285	106.480	108.019	1213340	0	2
2019.11.01	108.019	109.669	107.884	109.487	800424	0	2
2019.12.01	109.517	109.726	108.426	108.658	702030	0	2
2020.01.01	108.742	110.290	107.652	108.353	782231	0	1
2020.02.01	108.410	112.223	107.508	108.061	1127742	0	1
2020.03.01	107.617	111.712	101.180	107.510	2482400	0	1
2020.04.01	107.488	109.379	106.357	107.155	907222	0	1
2020.05.01	107.098	108.087	105.986	107.789	610417	0	1
2020.06.01	107.681	109.850	106.073	107.935	725714	0	1
2020.07.01	107.937	108.163	104.188	105.931	597355	0	1
2020.08.01	105.771	107.048	105.103	105.898	718291	0	1
2020.09.01	105.908	106.550	104.001	105.437	634707	0	1
2020.10.01	105.482	106.108	104.026	104.671	593075	0	1
2020.11.01	104.535	105.676	103.178	104.352	692008	0	1
2020.12.01	104.289	104.752	102.874	103.292	656569	0	1
2021.01.01	103.198	104.940	102.596	104.726	584943	0	1
2021.02.01	104.771	106.692	104.412	106.549	478585	0	1
2021.03.01	106.515	110.966	106.367	110.706	583246	0	1
2021.04.01	110.689	110.847	107.478	109.331	498175	0	1
2021.05.01	109.264	110.199	108.344	109.553	493686	0	1
2021.06.01	109.576	111.121	109.191	111.112	470131	0	1
2021.07.01	111.103	111.659	109.065	109.662	563384	0	1
2021.08.01	109.672	110.800	108.722	109.997	532233	0	1
2021.09.01	109.995	112.079	109.113	111.280	589031	0	1
2021.10.01	111.263	114.699	110.822	113.965	1022515	0	2
2021.11.01	114.047	115.519	112.532	113.135	1104410	0	2
2021.12.01	113.081	115.206	112.558	115.097	853429	0	2
2022.01.01	115.034	116.347	113.470	115.124	830047	0	2
2022.02.01	115.082	116.336	114.157	114.961	882986	0	2
2022.03.01	114.971	125.095	114.650	121.707	1063352	0	2
2022.04.01	121.634	131.253	121.634	129.868	1314028	0	2
2022.05.01	129.747	131.346	126.362	128.703	1458542	0	2
2022.06.01	128.684	137.002	128.648	135.748	1837297	0	2
2022.07.01	135.674	139.390	132.504	133.227	1568390	0	2
2022.08.01	133.257	139.072	130.401	138.954	1643118	0	2
2022.09.01	138.906	145.898	138.906	144.796	1896951	0	2
2022.10.01	144.665	151.940	143.527	148.740	2495546	0	2
2022.11.01	148.585	148.822	137.496	138.093	3151733	0	2
2022.12.01	137.962	138.176	130.567	131.111	2948217	0	2
2023.01.01	130.846	134.774	127.216	130.090	3088362	0	2
2023.02.01	130.028	136.917	128.082	136.222	2510495	0	2
2023.03.01	136.110	137.913	129.638	132.816	3216857	0	2
2023.04.01	133.253	136.560	130.625	136.280	1762087	0	2
2023.05.01	136.187	140.930	133.497	139.307	2045308	0	2
2023.06.01	139.303	145.070	138.428	144.298	1807864	0	2
2023.07.01	144.261	144.911	137.241	142.276	1860961	0	2
2023.08.01	142.276	147.374	141.513	145.536	1834812	0	2
2023.09.01	145.539	149.706	144.439	149.359	2077989	0	50
2023.10.01	149.591	151.707	147.282	151.705	2321019	0	50
2023.11.01	151.598	151.907	146.667	148.190	2277455	0	50
2023.12.01	148.187	148.345	140.248	141.022	1889850	0	2
2024.01.01	140.848	148.805	140.809	146.951	2314089	0	2
2024.02.01	146.905	150.883	145.892	149.974	2401750	0	2
2024.03.01	149.995	151.971	146.481	151.323	2040750	0	2
2024.04.01	151.259	160.213	150.807	157.809	1712369	0	2
2024.05.01	157.654	157.985	151.858	157.261	1724985	0	2
2024.06.01	157.158	161.282	154.548	160.883	1557257	0	2
2024.07.01	160.730	161.949	149.605	150.031	2880100	0	2
2024.08.01	149.944	150.889	141.686	146.202	3919136	0	2
2024.09.01	146.046	147.209	139.576	143.657	3307149	0	2
2024.10.01	143.616	153.879	142.966	151.995	2791666	0	2
2024.11.01	151.990	156.748	149.457	149.644	2742939	0	2
2024.12.01	149.620	158.079	148.643	157.218	2143697	0	4
2025.01.01	157.161	158.876	153.709	155.178	2067310	0	3
2025.02.01	154.819	155.882	148.565	150.570	1811209	0	3
2025.03.01	150.637	151.301	146.541	149.958	2078681	0	3
2025.04.01	149.917	150.486	139.883	143.063	2495233	0	6
2025.05.01	142.937	148.646	142.111	144.047	1774552	0	6
2025.06.01	143.791	148.025	142.373	143.993	1613090	0	6
2025.07.01	143.990	150.836	142.676	150.787	1708540	0	6
2025.08.01	150.708	150.918	146.210	147.028	1749536	0	6
2025.09.01	146.940	149.952	145.480	147.935	1508962	0	4
2025.10.01	147.834	154.445	146.582	154.047	1644951	0	4
2025.11.01	153.979	157.892	152.813	156.137	1534718	0	4
2025.12.01	156.066	157.755	154.338	156.671	1647290	0	4
2026.01.01	156.631	159.453	152.092	154.766	1791234	0	4
2026.02.01	154.816	157.656	152.267	156.110	1785915	0	4
2026.03.01	156.087	160.460	156.082	158.718	2044789	0	3
