<DATE>	<OPEN>	<HIGH>	<LOW>	<CLOSE>	<TICKVOL>	<VOL>	<SPREAD>
2010.01.01	1.03472	1.06404	1.01319	1.06052	905024	0	10
2010.02.01	1.06143	1.08975	1.04972	1.07327	954741	0	10
2010.03.01	1.07422	1.08868	1.04885	1.05387	912449	0	10
2010.04.01	1.05386	1.09233	1.04343	1.07745	838709	0	10
2010.05.01	1.07568	1.16950	1.07536	1.15510	1277522	0	6
2010.06.01	1.15515	1.17298	1.07517	1.07770	1089860	1351000000	6
2010.07.01	1.07759	1.07876	1.03614	1.04101	780828	0	6
2010.08.01	1.04008	1.06240	1.01353	1.01423	683651	0	10
2010.09.01	1.01421	1.02769	0.97077	0.98338	648640	0	10
2010.10.01	0.98332	0.99281	0.94626	0.98218	853640	0	10
2010.11.01	0.98253	1.00528	0.95475	1.00356	1659981	0	13
2010.12.01	1.00356	1.00655	0.92993	0.93432	1730603	0	9
2011.01.01	0.93359	0.97826	0.93188	0.94414	1759202	0	7
2011.02.01	0.94417	0.97741	0.92334	0.92851	1370878	0	10
2011.03.01	0.92851	0.93684	0.89216	0.91805	1679929	0	10
2011.04.01	0.91806	0.93394	0.86256	0.86503	1365292	8523750000	6
2011.05.01	0.86391	0.89453	0.84650	0.85382	1153956	0	6
2011.06.01	0.85372	0.85504	0.82747	0.84128	1270263	0	10
2011.07.01	0.84129	0.85250	0.78500	0.78552	1263648	24435750000	6
2011.08.01	0.79421	0.82318	0.70674	0.80668	1934704	173613974000	6
2011.09.01	0.80669	0.91809	0.77109	0.90766	2127073	0	8
2011.10.01	0.90934	0.93138	0.85686	0.87638	1905572	0	7
2011.11.01	0.87635	0.93294	0.87614	0.91384	1830553	0	4
2011.12.01	0.91383	0.95463	0.90707	0.93822	1419180	0	1
2012.01.01	0.93767	0.95944	0.91137	0.91974	1508024	0	4
2012.02.01	0.91973	0.92995	0.89306	0.90436	1362639	0	4
2012.03.01	0.90435	0.93331	0.90084	0.90196	1228559	0	5
2012.04.01	0.90101	0.92504	0.90014	0.90708	1270469	0	5
2012.05.01	0.90709	0.97346	0.90425	0.97160	1690852	0	5
2012.06.01	0.97158	0.97693	0.94210	0.94822	1473807	0	5
2012.07.01	0.94817	0.99713	0.94810	0.97650	1349748	0	5
2012.08.01	0.97651	0.98975	0.95026	0.95457	1247221	0	4
2012.09.01	0.95420	0.96070	0.92385	0.93942	1175586	0	4
2012.10.01	0.94044	0.94371	0.92140	0.93159	1163163	0	4
2012.11.01	0.93159	0.95113	0.92454	0.92779	1931307	0	4
2012.12.01	0.92737	0.93815	0.90833	0.91460	1561916	0	4
2013.01.01	0.91481	0.93878	0.90752	0.90998	2199976	0	4
2013.02.01	0.91003	0.93730	0.90214	0.93637	2000272	0	1
2013.03.01	0.93636	0.95664	0.93509	0.94885	845039	0	1
2013.04.01	0.94962	0.95265	0.92057	0.92940	813371	0	1
2013.05.01	0.92945	0.98384	0.92468	0.95455	1034275	0	1
2013.06.01	0.95732	0.96240	0.91301	0.94435	1282250	0	3
2013.07.01	0.94472	0.97510	0.92281	0.92640	1003427	0	1
2013.08.01	0.92638	0.93957	0.91467	0.92922	927690	0	1
2013.09.01	0.93123	0.94552	0.90208	0.90493	657734	0	1
2013.10.01	0.90495	0.91778	0.88899	0.90698	765550	0	1
2013.11.01	0.90699	0.92497	0.90281	0.90591	729474	0	1
2013.12.01	0.90608	0.91102	0.87995	0.88858	707392	0	1
2014.01.01	0.89155	0.91563	0.89029	0.90579	831779	0	1
2014.02.01	0.90641	0.90812	0.87772	0.87983	653605	0	1
2014.03.01	0.87827	0.88989	0.86988	0.88414	1275263	0	0
2014.04.01	0.88414	0.89526	0.87431	0.88007	930628	0	1
2014.05.01	0.88007	0.89893	0.87028	0.89503	878566	0	1
2014.06.01	0.89528	0.90364	0.88621	0.88663	707108	0	1
2014.07.01	0.88662	0.91050	0.88562	0.90864	1085797	0	1
2014.08.01	0.90861	0.91846	0.90179	0.91807	874549	0	2
2014.09.01	0.91864	0.95965	0.91756	0.95507	1354953	0	1
2014.10.01	0.95509	0.96837	0.93602	0.96230	1820022	0	1
2014.11.01	0.96417	0.97413	0.95296	0.96545	1662261	22286400000	1
2014.12.01	0.96572	0.99388	0.95531	0.99384	1627599	1654672424000	0
2015.01.01	0.99289	1.02390	0.81889	0.92017	1528988	6097160000	1
2015.02.01	0.92645	0.95439	0.91582	0.95412	1231694	0	5
2015.03.01	0.95285	1.01255	0.94860	0.97213	1162737	0	1
2015.04.01	0.97184	0.98604	0.93078	0.93252	1238784	0	1
2015.05.01	0.93202	0.95429	0.90727	0.94012	1283379	0	1
2015.06.01	0.94021	0.95014	0.91509	0.93512	2040436	0	1
2015.07.01	0.93636	0.97188	0.93293	0.96529	2322326	641873205000	1
2015.08.01	0.96489	0.99026	0.92577	0.96722	1911710	1992729822000	0
2015.09.01	0.96651	0.98430	0.95270	0.97304	1687160	1818721609000	5
2015.10.01	0.97299	0.99571	0.94757	0.98744	1612628	1762217463000	0
2015.11.01	0.98525	1.03280	0.98351	1.02881	1691469	1747064946000	0
2015.12.01	1.02892	1.03073	0.97858	0.99980	1771782	1731696209000	0
2016.01.01	1.00058	1.02558	0.98797	1.02247	2153103	2321274460000	0
2016.02.01	1.02096	1.02490	0.96603	0.99798	2568772	2921418765000	0
2016.03.01	0.99794	1.00918	0.95712	0.96165	2039640	2452730328000	0
2016.04.01	0.96144	0.97969	0.94989	0.95917	1822614	2413883239000	0
2016.05.01	0.95725	0.99556	0.94435	0.99358	1681448	2088333776000	0
2016.06.01	0.99377	0.99505	0.95209	0.97597	1937689	2389493490000	0
2016.07.01	0.97593	0.99498	0.96350	0.96937	1642701	2179523667000	0
2016.08.01	0.96867	0.98628	0.95348	0.98374	1630700	1775323348000	0
2016.09.01	0.98338	0.98844	0.96395	0.97112	1891207	2041385166000	0
2016.10.01	0.97118	0.99984	0.96877	0.98882	1800309	1697819276000	0
2016.11.01	0.98883	1.02043	0.95490	1.01711	2789305	2410591216000	0
2016.12.01	1.01628	1.03433	1.00193	1.01910	2331919	1738286285000	0
2017.01.01	1.01750	1.03348	0.98610	0.98875	2858929	2313305054000	0
2017.02.01	0.98917	1.01405	0.98693	1.00571	2004432	1906411013000	0
2017.03.01	1.00519	1.01700	0.98131	1.00005	1988553	1765628607000	0
2017.04.01	1.00137	1.01074	0.98931	0.99445	1471460	1308288600000	0
2017.05.01	0.99328	1.00994	0.96691	0.96755	1787130	1803360981000	0
2017.06.01	0.96752	0.97703	0.95513	0.95767	1490083	149349746000	0
2017.07.01	0.95766	0.97264	0.94380	0.96685	1792184	0	9
2017.08.01	0.96652	0.97725	0.94276	0.95852	1858189	0	9
2017.09.01	0.95801	0.97695	0.94202	0.96777	1897836	659720000	0
2017.10.01	0.96794	1.00379	0.96744	0.99754	1521734	0	0
2017.11.01	0.99757	1.00373	0.97581	0.98326	1622599	0	0
2017.12.01	0.98310	0.99777	0.97340	0.97444	1644439	0	0
2018.01.01	0.97429	0.98452	0.92888	0.93093	2552418	0	0
2018.02.01	0.93093	0.94700	0.91875	0.94437	2357648	0	1
2018.03.01	0.94448	0.95836	0.93383	0.95396	2187224	0	1
2018.04.01	0.95201	0.99207	0.95196	0.99077	1229812	0	1
2018.05.01	0.99078	1.00562	0.98259	0.98558	1401091	0	1
2018.06.01	0.98558	0.99922	0.97881	0.99040	1061135	0	1
2018.07.01	0.99009	1.00679	0.98577	0.99009	1218242	0	0
2018.08.01	0.98999	0.99842	0.96514	0.96857	1042088	0	4
2018.09.01	0.96893	0.98190	0.95416	0.98163	819815	0	4
2018.10.01	0.98005	1.00941	0.97969	1.00782	1066837	0	3
2018.11.01	1.00773	1.01281	0.99083	0.99856	941410	0	3
2018.12.01	0.99785	1.00078	0.97895	0.98283	926012	0	4
2019.01.01	0.98367	0.99944	0.97160	0.99421	1116958	0	3
2019.02.01	0.99439	1.00975	0.99213	0.99780	958303	0	3
2019.03.01	0.99780	1.01236	0.98939	0.99504	1199978	0	3
2019.04.01	0.99456	1.02367	0.99297	1.01910	932993	0	3
2019.05.01	1.01905	1.02256	1.00003	1.00066	956037	0	3
2019.06.01	1.00137	1.00168	0.96933	0.97616	1107660	0	3
2019.07.01	0.97617	0.99514	0.97617	0.99387	880996	0	2
2019.08.01	0.99385	0.99755	0.96592	0.98956	1605184	0	2
2019.09.01	0.98929	0.99878	0.97977	0.99754	1100743	0	2
2019.10.01	0.99760	1.00274	0.98396	0.98650	998602	0	2
2019.11.01	0.98652	1.00230	0.98405	0.99970	604051	0	1
2019.12.01	0.99973	1.00084	0.96460	0.96754	575594	0	1
2020.01.01	0.96600	0.97667	0.96130	0.96333	544603	0	1
2020.02.01	0.96303	0.98485	0.96102	0.96534	684577	0	1
2020.03.01	0.96290	0.99004	0.91831	0.96165	1592170	0	1
2020.04.01	0.96062	0.98027	0.95929	0.96538	752017	0	1
2020.05.01	0.96519	0.97843	0.95888	0.96120	542471	0	1
2020.06.01	0.96139	0.96506	0.93762	0.94730	621378	0	1
2020.07.01	0.94673	0.94937	0.90563	0.91387	554540	0	1
2020.08.01	0.91375	0.92403	0.89986	0.90379	587206	0	1
2020.09.01	0.90287	0.92964	0.89990	0.92101	622517	0	1
2020.10.01	0.92083	0.92185	0.90306	0.91672	495914	0	1
2020.11.01	0.91585	0.92076	0.89825	0.90916	532130	0	1
2020.12.01	0.90685	0.90884	0.87947	0.88489	491796	0	1
2021.01.01	0.88302	0.89257	0.87577	0.89091	524149	0	1
2021.02.01	0.88991	0.91020	0.88712	0.90863	473431	0	1
2021.03.01	0.90791	0.94585	0.90710	0.94414	536765	0	1
2021.04.01	0.94339	0.94728	0.90802	0.91306	414918	0	1
2021.05.01	0.91197	0.91645	0.89309	0.89883	444664	0	1
2021.06.01	0.89878	0.92621	0.89262	0.92509	442868	0	1
2021.07.01	0.92497	0.92747	0.90394	0.90513	486307	0	1
2021.08.01	0.90487	0.92421	0.90186	0.91522	402309	0	1
2021.09.01	0.91496	0.93683	0.91154	0.93173	483426	0	1
2021.10.01	0.93161	0.93375	0.91024	0.91511	595586	0	2
2021.11.01	0.91573	0.93737	0.90851	0.91829	705194	0	3
2021.12.01	0.91876	0.92942	0.91018	0.91183	629418	0	3
2022.01.01	0.91097	0.93429	0.90918	0.92686	638869	0	3
2022.02.01	0.92693	0.92971	0.91501	0.91680	711843	0	3
2022.03.01	0.91659	0.94602	0.91500	0.92286	857694	0	3
2022.04.01	0.92221	0.97590	0.92203	0.97345	898807	0	3
2022.05.01	0.97087	1.00643	0.95447	0.95928	930460	0	3
2022.06.01	0.95804	1.00497	0.94951	0.95482	1186662	0	3
2022.07.01	0.95459	0.98857	0.95020	0.95134	1322806	0	3
2022.08.01	0.95200	0.98072	0.93704	0.97789	1141532	0	2
2022.09.01	0.97586	0.99657	0.94794	0.98728	1228753	0	2
2022.10.01	0.98427	1.01477	0.97804	1.00193	1695809	0	2
2022.11.01	1.00050	1.01474	0.93565	0.94542	1811089	0	2
2022.12.01	0.94499	0.94604	0.92003	0.92474	1557759	0	2
2023.01.01	0.92337	0.94085	0.90851	0.91606	1581579	0	2
2023.02.01	0.91605	0.94289	0.90592	0.94208	1348597	0	2
2023.03.01	0.94197	0.94400	0.90711	0.91516	1827557	0	2
2023.04.01	0.91568	0.91958	0.88517	0.89463	923765	0	2
2023.05.01	0.89253	0.91474	0.88198	0.91051	1097974	0	2
2023.06.01	0.91011	0.91193	0.89013	0.89495	1053918	0	2
2023.07.01	0.89402	0.90040	0.85522	0.87171	1069606	0	2
2023.08.01	0.87171	0.88760	0.86899	0.88327	1199792	0	2
2023.09.01	0.88300	0.92248	0.87948	0.91516	1352941	0	50
2023.10.01	0.91452	0.92441	0.88877	0.91029	1985860	0	50
2023.11.01	0.90902	0.91119	0.86848	0.87516	1753472	0	50
2023.12.01	0.87461	0.88204	0.83324	0.84131	1394814	0	2
2024.01.01	0.83969	0.87280	0.83875	0.86133	1503360	0	2
2024.02.01	0.86074	0.88856	0.85530	0.88454	1390479	0	2
2024.03.01	0.88454	0.90714	0.87295	0.90101	1360431	0	2
2024.04.01	0.90108	0.91950	0.89976	0.91935	1502631	0	2
2024.05.01	0.91909	0.92242	0.89880	0.90234	1171566	0	2
2024.06.01	0.90243	0.90355	0.88265	0.89864	824081	0	2
2024.07.01	0.89725	0.90502	0.87701	0.87806	1119580	0	2
2024.08.01	0.87753	0.87839	0.83999	0.84993	1695663	0	2
2024.09.01	0.84904	0.85495	0.83744	0.84574	1553965	0	2
2024.10.01	0.84537	0.86996	0.84311	0.86359	1320705	0	2
2024.11.01	0.86336	0.89575	0.86148	0.88118	1462001	0	2
2024.12.01	0.87984	0.90800	0.87334	0.90714	1167126	0	4
2025.01.01	0.90636	0.92006	0.89649	0.91108	1142908	0	2
2025.02.01	0.91376	0.91966	0.89121	0.90281	910648	0	2
2025.03.01	0.90209	0.90311	0.87556	0.88421	939909	0	2
2025.04.01	0.88348	0.88484	0.80396	0.82690	1919620	0	5
2025.05.01	0.82475	0.84760	0.81854	0.82312	1273921	0	5
2025.06.01	0.82256	0.82497	0.79290	0.79302	1086493	0	5
2025.07.01	0.79274	0.81500	0.78719	0.81224	942969	0	5
2025.08.01	0.81217	0.81711	0.79854	0.80051	927066	0	5
2025.09.01	0.79827	0.80717	0.78290	0.79639	858672	0	3
2025.10.01	0.79608	0.80759	0.78728	0.80477	878105	0	3
2025.11.01	0.80301	0.81242	0.78779	0.80298	801808	0	3
2025.12.01	0.80321	0.80854	0.78614	0.79251	810707	0	3
2026.01.01	0.79245	0.80406	0.76046	0.77293	1051257	0	3
2026.02.01	0.77200	0.78173	0.76290	0.76950	916024	0	3
2026.03.01	0.76714	0.80422	0.76699	0.79923	1430547	0	3
