<DATE>	<OPEN>	<HIGH>	<LOW>	<CLOSE>	<TICKVOL>	<VOL>	<SPREAD>
2010.01.03	1094.61	1140.65	1093.08	1138.25	109376	0	0
2010.01.10	1153.60	1161.63	1118.82	1130.90	363922	0	0
2010.01.17	1132.54	1141.30	1082.15	1092.76	372482	0	0
2010.01.24	1094.72	1103.89	1074.01	1080.67	403532	0	0
2010.01.31	1082.66	1124.80	1044.46	1065.95	420730	0	0
2010.02.07	1065.28	1097.64	1061.65	1093.05	403712	0	0
2010.02.14	1096.54	1126.83	1091.45	1118.99	362017	0	0
2010.02.21	1124.85	1130.75	1088.10	1117.30	243601	0	0
2010.02.28	1117.83	1144.62	1112.05	1134.55	233276	0	0
2010.03.07	1134.85	1137.50	1098.45	1101.49	199575	0	0
2010.03.14	1104.22	1132.97	1101.24	1106.64	246765	0	0
2010.03.21	1105.62	1109.13	1085.05	1107.10	309138	0	0
2010.03.28	1110.18	1127.69	1101.56	1122.18	268338	0	0
2010.04.04	1125.39	1164.37	1122.45	1161.54	275425	0	0
2010.04.11	1167.03	1169.44	1129.89	1137.11	288402	0	0
2010.04.18	1134.76	1157.56	1123.78	1157.37	223526	0	0
2010.04.25	1157.77	1181.41	1146.35	1178.72	278071	0	0
2010.05.02	1177.78	1213.13	1157.62	1207.87	343607	0	0
2010.05.09	1200.43	1249.12	1184.06	1232.46	303711	0	0
2010.05.16	1232.97	1242.06	1166.34	1176.81	383971	0	0
2010.05.23	1180.82	1218.26	1179.35	1214.05	305511	0	0
2010.05.30	1214.05	1228.62	1196.80	1219.58	291309	0	0
2010.06.06	1219.81	1251.69	1210.52	1226.25	343560	0	0
2010.06.13	1230.32	1262.08	1216.54	1256.58	137634	0	0
2010.06.20	1259.55	1265.02	1224.56	1255.45	131780	0	0
2010.06.27	1254.30	1262.50	1196.35	1211.33	162325	0	0
2010.07.04	1210.93	1214.28	1184.78	1211.54	127298	0	0
2010.07.11	1211.08	1217.75	1186.00	1192.68	131180	0	0
2010.07.18	1192.55	1203.75	1175.66	1188.82	144146	0	0
2010.07.25	1189.20	1194.53	1157.00	1180.55	118449	0	0
2010.08.01	1181.13	1210.74	1174.53	1204.98	118758	0	0
2010.08.08	1205.30	1217.38	1190.58	1215.20	119875	0	0
2010.08.15	1214.70	1237.25	1214.05	1227.58	107115	0	0
2010.08.22	1227.55	1243.94	1210.71	1237.80	123420	0	0
2010.08.29	1237.20	1254.48	1231.79	1246.34	116823	0	0
2010.09.05	1248.15	1262.05	1236.50	1245.75	96393	0	0
2010.09.12	1244.93	1282.58	1241.01	1273.93	125712	0	0
2010.09.19	1276.90	1299.66	1270.93	1296.18	236898	0	0
2010.09.26	1295.61	1320.44	1282.75	1318.72	277645	0	0
2010.10.03	1319.82	1349.60	1312.27	1347.21	273179	0	0
2010.10.10	1353.13	1387.03	1340.13	1368.17	377192	0	0
2010.10.17	1367.83	1374.76	1315.14	1328.18	391892	0	0
2010.10.24	1331.66	1359.30	1318.80	1359.00	187780	0	0
2010.10.31	1361.20	1397.95	1325.55	1393.25	150780	0	20
2010.11.07	1397.70	1424.30	1382.60	1412.00	120325	0	25
2010.11.14	1373.08	1376.60	1329.50	1353.15	204624	0	0
2010.11.21	1358.30	1382.18	1348.35	1363.10	147281	0	37
2010.11.28	1358.15	1415.45	1353.20	1413.40	151476	0	37
2010.12.05	1410.17	1430.88	1371.38	1385.70	176721	0	0
2010.12.12	1403.50	1407.80	1361.19	1374.85	112100	0	45
2010.12.19	1382.61	1391.84	1372.18	1383.00	245074	0	0
2010.12.26	1376.82	1418.83	1376.32	1418.19	180823	0	0
2011.01.02	1415.71	1423.77	1352.79	1368.78	226389	0	0
2011.01.09	1369.34	1393.00	1354.95	1361.78	274637	0	0
2011.01.16	1363.49	1378.77	1337.61	1342.35	411097	0	0
2011.01.23	1345.82	1353.08	1307.88	1336.31	400307	0	0
2011.01.30	1344.47	1357.87	1322.96	1348.65	453110	0	50
2011.02.06	1346.52	1368.00	1344.99	1356.63	398661	0	50
2011.02.13	1354.10	1391.65	1354.10	1389.79	207263	0	50
2011.02.20	1391.40	1417.94	1390.63	1410.15	401528	0	50
2011.02.27	1413.85	1440.01	1404.67	1430.64	440554	0	50
2011.03.06	1434.65	1444.48	1402.87	1417.20	448065	0	50
2011.03.13	1425.68	1430.23	1380.88	1418.16	438983	0	50
2011.03.20	1424.28	1447.40	1419.32	1429.32	75998	0	50
2011.03.27	1424.90	1439.30	1410.08	1428.35	91971	0	50
2011.04.03	1428.45	1474.83	1427.60	1474.53	81894	0	50
2011.04.10	1475.20	1487.85	1445.63	1486.35	101667	0	50
2011.04.17	1485.30	1507.95	1477.30	1504.95	20646	0	0
2011.04.24	1516.23	1569.00	1493.15	1563.30	61998	0	50
2011.05.01	1547.25	1575.13	1462.35	1495.00	162783	0	50
2011.05.08	1494.25	1526.37	1478.08	1494.55	117078	0	50
2011.05.15	1490.50	1515.65	1471.68	1513.55	111837	0	50
2011.05.22	1512.15	1538.15	1503.80	1535.96	122866	0	50
2011.05.29	1535.95	1549.88	1519.55	1542.35	71060	0	50
2011.06.05	1541.90	1553.43	1525.90	1531.30	91272	0	50
2011.06.12	1528.83	1541.90	1510.83	1539.55	127046	0	50
2011.06.19	1539.70	1557.86	1498.37	1501.64	175871	0	50
2011.06.26	1498.70	1513.97	1478.05	1487.04	353041	0	50
2011.07.03	1494.85	1545.20	1492.85	1543.48	267282	0	0
2011.07.10	1542.46	1594.07	1540.43	1592.55	373848	0	0
2011.07.17	1593.55	1609.75	1495.75	1601.25	302835	0	25
2011.07.24	1608.45	1632.35	1603.00	1626.35	348618	0	50
2011.07.31	1610.20	1681.80	1607.88	1663.93	291215	0	0
2011.08.07	1684.10	1813.77	1682.30	1742.98	327938	0	50
2011.08.14	1744.97	1876.66	1727.67	1851.44	252733	0	60
2011.08.21	1865.66	1911.63	1702.55	1825.63	403202	0	50
2011.08.28	1832.26	1884.33	1775.74	1882.00	303433	0	50
2011.09.04	1880.85	1920.61	1792.41	1856.92	305972	0	70
2011.09.11	1857.46	1861.28	1762.44	1808.80	314427	0	70
2011.09.18	1818.58	1827.68	1628.82	1653.17	325437	0	70
2011.09.25	1647.36	1677.00	1531.94	1623.65	382844	0	70
2011.10.02	1623.68	1678.35	1595.65	1637.72	300890	0	70
2011.10.09	1638.97	1692.03	1638.83	1680.67	252907	0	0
2011.10.16	1682.44	1694.79	1603.52	1641.17	282140	0	0
2011.10.23	1638.80	1752.22	1635.28	1743.48	262471	0	0
2011.10.30	1741.49	1767.41	1680.97	1754.18	257840	0	70
2011.11.06	1753.00	1802.79	1735.47	1787.98	252512	0	70
2011.11.13	1787.96	1796.01	1710.32	1723.47	267452	0	70
2011.11.20	1722.09	1726.23	1666.33	1681.46	254527	0	50
2011.11.27	1687.71	1763.03	1686.84	1746.52	261913	0	50
2011.12.04	1750.16	1755.87	1701.95	1710.50	278812	0	50
2011.12.11	1713.53	1714.48	1560.08	1598.40	327578	0	50
2011.12.18	1601.92	1641.61	1583.25	1606.65	237338	0	50
2011.12.25	1605.06	1605.43	1522.64	1563.83	176689	0	50
2012.01.01	1567.37	1631.14	1566.07	1616.45	237273	0	50
2012.01.08	1614.34	1661.98	1605.03	1638.87	291409	0	40
2012.01.15	1635.47	1670.05	1631.45	1666.75	272640	0	40
2012.01.22	1666.22	1739.73	1648.99	1738.81	262498	0	40
2012.01.29	1735.59	1763.16	1716.16	1725.10	301611	0	40
2012.02.05	1728.59	1752.59	1704.64	1721.25	277005	0	40
2012.02.12	1727.96	1737.27	1705.23	1722.86	263455	0	40
2012.02.19	1727.67	1787.26	1727.67	1772.50	229579	0	40
2012.02.26	1773.98	1790.56	1685.96	1712.03	214562	0	40
2012.03.04	1711.98	1716.70	1662.86	1713.69	271851	0	0
2012.03.11	1713.40	1713.55	1634.44	1659.31	271415	0	0
2012.03.18	1660.42	1669.72	1628.08	1661.26	274295	0	0
2012.03.25	1664.21	1696.95	1645.19	1667.11	461629	148133718	0
2012.04.01	1671.34	1683.46	1612.39	1630.70	580741	176235797	25
2012.04.08	1644.61	1679.85	1631.80	1655.57	644619	229467462	34
2012.04.15	1653.14	1657.69	1631.09	1642.66	646515	197634598	25
2012.04.22	1639.87	1667.44	1623.21	1662.52	651242	196667530	31
2012.04.29	1664.05	1671.45	1626.43	1642.02	598004	180668800	29
2012.05.06	1639.73	1642.60	1574.42	1579.20	703315	212259489	32
2012.05.13	1582.16	1597.59	1526.96	1592.33	779357	240599158	34
2012.05.20	1592.76	1599.13	1533.14	1573.17	714211	223836329	32
2012.05.27	1575.45	1629.53	1533.21	1623.08	698707	219029982	35
2012.06.03	1623.78	1640.63	1560.99	1592.93	843922	263190073	34
2012.06.10	1600.94	1633.63	1581.74	1625.04	546794	167832451	32
2012.06.17	1623.08	1633.18	1558.10	1571.36	604101	183581622	34
2012.06.24	1572.36	1606.79	1547.90	1597.07	539053	163609483	29
2012.07.01	1597.61	1624.93	1576.39	1583.02	482667	146170632	35
2012.07.08	1579.15	1601.17	1554.94	1589.37	494905	142301386	0
2012.07.15	1590.57	1598.93	1567.70	1583.50	543068	165063862	35
2012.07.22	1580.48	1629.38	1563.16	1623.76	559280	174301978	29
2012.07.29	1624.04	1627.89	1583.83	1602.85	506185	152509503	0
2012.08.05	1601.38	1626.39	1600.74	1619.37	473406	143766745	32
2012.08.12	1620.09	1625.60	1589.20	1615.10	453838	137522728	25
2012.08.19	1617.42	1674.81	1609.75	1669.87	447732	134676876	35
2012.08.26	1671.38	1692.78	1645.91	1691.36	432791	130937813	34
2012.09.02	1689.15	1741.75	1685.35	1735.58	512493	140275309	17
2012.09.09	1734.91	1777.72	1715.46	1770.47	728943	189100835	14
2012.09.16	1775.13	1787.39	1751.84	1772.99	773913	208785654	18
2012.09.23	1771.81	1783.24	1736.63	1771.96	783910	201209459	12
2012.09.30	1769.47	1795.87	1763.33	1780.33	754792	202303489	18
2012.10.07	1777.25	1779.70	1752.06	1754.17	676976	182789908	10
2012.10.14	1751.86	1753.46	1715.52	1721.63	675690	178854727	10
2012.10.21	1718.34	1730.03	1698.50	1710.45	748525	199336681	11
2012.10.28	1711.77	1726.98	1674.43	1677.42	622228	165827650	10
2012.11.04	1677.93	1738.77	1672.63	1730.85	823803	216253478	12
2012.11.11	1733.65	1737.96	1704.68	1713.60	746501	197055829	16
2012.11.18	1714.57	1754.28	1714.29	1751.13	576562	152168599	0
2012.11.25	1750.35	1752.19	1705.59	1714.61	752927	207402653	10
2012.12.02	1714.96	1722.51	1684.01	1703.45	770605	203240686	11
2012.12.09	1703.68	1723.27	1689.39	1695.46	703180	195884433	19
2012.12.16	1699.48	1703.07	1635.44	1656.97	728323	195930200	30
2012.12.23	1657.22	1667.89	1651.81	1654.98	301693	74467045	40
2012.12.30	1656.02	1694.77	1625.80	1656.48	513870	136403216	40
2013.01.06	1658.60	1678.77	1642.67	1662.77	673600	182543322	40
2013.01.13	1661.58	1696.10	1659.88	1684.00	634654	167346671	40
2013.01.20	1688.48	1695.99	1655.87	1658.53	569667	152357226	0
2013.01.27	1659.66	1683.74	1651.89	1667.17	642254	169524743	10
2013.02.03	1668.80	1684.97	1661.48	1667.31	677630	180644400	7
2013.02.10	1667.36	1669.54	1597.87	1609.13	740322	201492086	1
2013.02.17	1609.22	1618.79	1555.04	1580.58	1000197	273054790	0
2013.02.24	1580.91	1620.10	1564.81	1574.95	1103543	307408382	5
2013.03.03	1580.20	1586.51	1561.41	1578.43	832688	223949504	5
2013.03.10	1578.60	1599.35	1575.50	1591.95	597725	161461290	8
2013.03.17	1604.62	1616.84	1591.67	1608.42	604402	162721650	1
2013.03.24	1608.32	1613.79	1589.65	1596.10	478403	128147827	4
2013.03.31	1600.84	1603.92	1540.12	1580.87	706358	189781768	5
2013.04.07	1582.24	1590.38	1483.65	1485.79	793943	214183204	2
2013.04.14	1482.82	1495.57	1321.54	1403.56	1933539	523379570	11
2013.04.21	1405.88	1485.21	1403.60	1460.81	1176672	314296872	14
2013.04.28	1466.69	1488.08	1440.41	1470.80	1001245	261261036	12
2013.05.05	1470.21	1478.85	1419.74	1447.50	985481	265808089	4
2013.05.12	1445.98	1446.74	1355.26	1359.07	1295348	349032353	9
2013.05.19	1364.59	1414.31	1337.95	1385.67	1539266	400475189	16
2013.05.26	1387.90	1421.90	1373.69	1388.13	868243	223540973	10
2013.06.02	1389.50	1423.89	1377.78	1382.23	1088344	284616204	12
2013.06.09	1379.18	1394.88	1365.29	1390.10	977218	258270492	9
2013.06.16	1389.19	1391.93	1269.43	1296.29	1245843	316695849	6
2013.06.23	1298.87	1301.51	1180.17	1234.20	1639119	441384638	13
2013.06.30	1235.51	1267.47	1208.14	1222.81	1031669	288100055	19
2013.07.07	1223.59	1298.83	1215.65	1285.10	1071487	288444259	21
2013.07.14	1288.52	1300.55	1270.27	1295.78	899340	244898986	16
2013.07.21	1296.70	1346.68	1296.42	1332.79	887302	243220806	0
2013.07.28	1333.38	1339.07	1283.10	1312.54	924977	254026486	16
2013.08.04	1312.02	1320.72	1272.80	1314.44	776412	219450670	19
2013.08.11	1317.59	1379.57	1315.89	1375.38	1076425	296735792	18
2013.08.18	1378.68	1400.01	1352.35	1397.30	1058788	285601463	19
2013.08.25	1398.85	1433.73	1389.45	1394.95	1047564	284077015	11
2013.09.01	1391.41	1416.35	1359.91	1390.94	869269	236488926	0
2013.09.08	1389.90	1391.95	1304.91	1326.19	797251	211917038	0
2013.09.15	1329.26	1375.08	1291.79	1325.38	1050949	276563775	15
2013.09.22	1325.71	1344.09	1305.80	1336.39	1101506	287936287	11
2013.09.29	1347.77	1347.77	1277.81	1310.80	1007909	269776539	14
2013.10.06	1313.89	1330.09	1262.13	1271.40	1268723	347978433	13
2013.10.13	1273.80	1327.19	1251.67	1316.06	520888	258000573	0
2013.10.20	1315.07	1355.80	1310.19	1350.83	335973	176189472	3
2013.10.27	1352.65	1361.77	1306.15	1315.85	365334	191129313	6
2013.11.03	1314.57	1326.34	1281.07	1287.80	322929	170470763	2
2013.11.10	1288.43	1294.25	1261.33	1287.97	342347	191274895	2
2013.11.17	1288.78	1289.54	1236.71	1243.15	346622	198941433	24
2013.11.24	1237.81	1257.87	1226.77	1252.92	265383	153282551	0
2013.12.01	1249.50	1251.49	1211.71	1228.43	376584	213115107	32
2013.12.08	1231.01	1267.76	1220.54	1238.43	368069	210988235	32
2013.12.15	1237.69	1251.86	1187.14	1202.77	396696	225816834	26
2013.12.22	1203.57	1219.02	1192.65	1212.98	158892	97439688	27
2013.12.29	1215.12	1240.14	1182.42	1236.25	239188	143248930	28
2014.01.05	1237.32	1248.84	1214.21	1246.73	338755	164301953	26
2014.01.12	1250.10	1255.19	1234.21	1253.55	285522	126234539	31
2014.01.19	1257.35	1272.48	1231.48	1269.09	278039	139964457	27
2014.01.26	1270.50	1278.93	1238.00	1243.81	316621	173077862	0
2014.02.02	1243.65	1274.27	1240.76	1266.81	292195	190956603	12
2014.02.09	1269.36	1321.10	1265.10	1318.38	322261	193399011	0
2014.02.16	1320.16	1331.99	1307.28	1323.27	316164	171237373	22
2014.02.23	1324.66	1345.32	1318.76	1325.97	325348	163661962	21
2014.03.02	1335.44	1354.66	1327.97	1339.99	341682	163951285	24
2014.03.09	1338.85	1387.90	1328.07	1382.27	344256	146820125	21
2014.03.16	1388.30	1388.91	1320.48	1333.55	350700	185790017	0
2014.03.23	1330.15	1334.19	1285.68	1294.83	305888	0	0
2014.03.30	1293.58	1306.68	1277.63	1304.50	290057	146564238	0
2014.04.06	1302.75	1324.42	1295.55	1318.20	290964	146394281	23
2014.04.13	1322.41	1331.04	1284.61	1294.78	259574	138269239	25
2014.04.20	1294.38	1305.00	1268.41	1302.36	306310	155545969	21
2014.04.27	1304.11	1306.40	1273.21	1300.52	298023	150226060	18
2014.05.04	1301.12	1315.55	1284.91	1288.78	309408	120194676	27
2014.05.11	1288.65	1308.92	1277.58	1293.17	312299	110802772	3
2014.05.18	1290.95	1305.34	1283.26	1291.93	298426	105261142	26
2014.05.25	1291.90	1294.07	1242.15	1249.00	273530	106918919	25
2014.06.01	1249.56	1257.68	1240.56	1253.02	274150	110420876	24
2014.06.08	1251.96	1277.81	1250.31	1276.97	253016	96894844	21
2014.06.15	1277.84	1321.88	1258.54	1315.09	312885	143869135	19
2014.06.22	1314.38	1325.88	1306.17	1315.34	273192	103459031	26
2014.06.29	1315.92	1332.26	1309.25	1319.60	246512	75249780	16
2014.07.06	1319.70	1345.05	1311.41	1337.72	247118	113183900	0
2014.07.13	1338.97	1338.97	1291.97	1310.52	286411	161623599	35
2014.07.20	1309.86	1318.23	1287.51	1306.97	222373	129401902	37
2014.07.27	1305.59	1312.04	1279.37	1293.14	244088	115553495	23
2014.08.03	1293.13	1322.53	1282.38	1310.24	295613	152505700	4
2014.08.10	1309.02	1319.19	1292.41	1304.48	303921	159823168	41
2014.08.17	1301.74	1303.47	1272.61	1279.57	245292	109968147	0
2014.08.24	1278.17	1296.30	1273.52	1286.71	252186	117512321	45
2014.08.31	1287.47	1289.71	1257.12	1268.57	268567	130711702	34
2014.09.07	1269.21	1271.63	1225.70	1228.93	351053	167492022	41
2014.09.14	1228.94	1241.89	1213.64	1215.76	331926	133618905	36
2014.09.21	1215.83	1234.99	1206.77	1217.50	330410	134037171	34
2014.09.28	1217.89	1223.12	1189.82	1191.08	325487	137161116	40
2014.10.05	1187.27	1233.19	1182.77	1222.80	318408	138420984	37
2014.10.12	1227.15	1249.51	1221.70	1238.05	395894	163163547	0
2014.10.19	1237.21	1255.13	1226.14	1230.10	250438	104141888	20
2014.10.26	1228.38	1235.39	1161.42	1171.52	320923	134891856	0
2014.11.02	1167.31	1178.58	1131.44	1176.32	380147	177938959	36
2014.11.09	1174.45	1193.45	1145.95	1187.95	387665	175263641	10
2014.11.16	1184.70	1207.63	1174.94	1201.03	439811	215557787	28
2014.11.23	1201.54	1204.08	1165.06	1165.88	290404	138033317	40
2014.11.30	1158.49	1220.80	1141.74	1191.60	436674	217840311	34
2014.12.07	1187.34	1238.25	1186.96	1222.39	619632	271073162	13
2014.12.14	1221.51	1224.03	1183.40	1195.38	432401	210817771	34
2014.12.21	1194.02	1203.21	1170.48	1194.32	186646	78538466	30
2014.12.28	1196.12	1210.69	1167.33	1188.95	343456	150798990	25
2015.01.04	1187.73	1223.91	1178.00	1222.99	395182	169716907	26
2015.01.11	1223.90	1282.01	1217.40	1279.83	491182	243480547	37
2015.01.18	1278.61	1307.53	1271.89	1294.17	341864	183735928	31
2015.01.25	1294.62	1299.00	1251.88	1283.00	434273	224215955	30
2015.02.01	1280.42	1285.55	1228.21	1233.29	456617	215681115	34
2015.02.08	1237.11	1245.82	1217.84	1229.43	326155	121270716	25
2015.02.15	1228.34	1236.59	1197.42	1201.99	317849	147633235	25
2015.02.22	1202.87	1219.84	1190.30	1212.87	334977	188141136	39
2015.03.01	1213.85	1223.18	1163.81	1166.92	359510	73491430	25
2015.03.08	1168.52	1175.29	1147.42	1158.18	315815	63965710	22
2015.03.15	1156.68	1187.88	1142.70	1182.22	399433	218851736	37
2015.03.22	1185.80	1219.57	1179.23	1198.09	322598	206991298	31
2015.03.29	1197.39	1208.51	1178.29	1199.64	264820	222118093	40
2015.04.05	1215.64	1224.13	1192.52	1207.40	301125	195361677	39
2015.04.12	1207.15	1209.41	1183.87	1204.50	418010	253493137	37
2015.04.19	1205.29	1209.02	1175.14	1179.10	357574	234704149	22
2015.04.26	1179.54	1214.96	1169.66	1178.30	413033	260535481	26
2015.05.03	1179.89	1199.86	1177.65	1188.22	334076	171868832	28
2015.05.10	1188.64	1227.08	1178.83	1224.06	377326	200454222	23
2015.05.17	1223.74	1232.22	1201.36	1205.81	344706	193496581	23
2015.05.24	1204.88	1209.15	1180.30	1190.66	293175	175630389	25
2015.05.31	1190.47	1204.20	1162.63	1171.62	342105	215149647	26
2015.06.07	1169.98	1192.23	1169.05	1181.27	318329	199392813	24
2015.06.14	1182.17	1205.68	1172.73	1200.21	314329	197525832	28
2015.06.21	1200.69	1200.88	1168.50	1174.56	279215	181333446	31
2015.06.28	1186.25	1187.90	1155.98	1168.58	347788	250189734	25
2015.07.05	1172.00	1174.67	1147.13	1163.27	388015	263948873	24
2015.07.12	1162.73	1164.13	1131.06	1134.25	303843	197150999	26
2015.07.19	1132.56	1133.10	1069.72	1098.92	451840	267324745	24
2015.07.26	1095.58	1104.93	1079.98	1095.60	410285	234295130	24
2015.08.02	1095.72	1099.43	1080.94	1093.72	425706	275666423	26
2015.08.09	1093.04	1126.71	1089.58	1115.04	485956	360971346	27
2015.08.16	1114.70	1168.16	1109.63	1159.65	489747	360290323	24
2015.08.23	1164.32	1170.01	1117.68	1134.11	689485	516245279	27
2015.08.30	1133.77	1147.85	1116.72	1122.78	454640	337196729	0
2015.09.06	1122.99	1126.67	1098.71	1107.51	395384	285721982	25
2015.09.13	1107.44	1141.68	1102.15	1138.59	412960	294266955	0
2015.09.20	1139.11	1156.65	1121.28	1145.37	439690	313654019	26
2015.09.27	1145.33	1148.14	1104.59	1139.08	493733	347674192	24
2015.10.04	1136.78	1159.61	1130.06	1156.62	443861	307905677	18
2015.10.11	1155.83	1191.44	1151.74	1177.20	457795	327600707	18
2015.10.18	1176.54	1180.67	1158.88	1164.34	473208	336727754	22
2015.10.25	1162.90	1182.86	1139.23	1141.74	508088	349114432	20
2015.11.01	1141.45	1142.94	1085.39	1088.43	486873	333903405	24
2015.11.08	1090.33	1095.59	1074.08	1083.36	463447	313159718	24
2015.11.15	1088.11	1098.01	1064.64	1077.77	555057	387643234	24
2015.11.22	1076.15	1081.01	1052.67	1058.04	425158	284906947	24
2015.11.29	1058.29	1088.78	1046.23	1086.55	551380	355062778	24
2015.12.06	1084.82	1086.55	1062.36	1074.67	628199	419242578	24
2015.12.13	1073.72	1078.27	1047.58	1065.93	552424	357852699	24
2015.12.20	1066.16	1081.71	1063.91	1076.05	320795	205235382	24
2015.12.27	1075.86	1076.86	1058.13	1060.91	309811	200636231	0
2016.01.03	1064.88	1113.12	1061.66	1103.97	759942	472256918	24
2016.01.10	1107.40	1108.42	1071.33	1088.84	744371	485954378	24
2016.01.17	1090.14	1109.56	1082.45	1097.58	810763	504428418	0
2016.01.24	1097.73	1127.94	1097.13	1117.96	675483	402760674	0
2016.01.31	1115.86	1174.40	1115.86	1173.58	838857	541288910	24
2016.02.07	1168.46	1263.34	1164.23	1237.86	917607	585822506	24
2016.02.14	1232.00	1239.84	1190.80	1227.80	749390	490971773	24
2016.02.21	1224.92	1253.24	1201.83	1222.83	651723	447399445	24
2016.02.28	1218.98	1279.71	1217.23	1259.14	703519	492591799	18
2016.03.06	1259.79	1283.36	1236.99	1248.38	607976	422742402	22
2016.03.13	1251.44	1270.84	1225.60	1255.04	532526	374761468	24
2016.03.20	1254.55	1260.12	1211.95	1217.12	337857	243474395	22
2016.03.27	1214.30	1243.99	1208.15	1221.98	368199	263046352	24
2016.04.03	1220.30	1243.19	1214.56	1240.02	388231	280941303	24
2016.04.10	1244.78	1262.54	1223.77	1233.85	417063	310259376	24
2016.04.17	1234.66	1270.19	1227.32	1232.21	446337	315491866	14
2016.04.24	1232.22	1296.62	1229.94	1293.85	408452	328615060	15
2016.05.01	1292.65	1303.65	1268.79	1288.69	498311	394385757	20
2016.05.08	1284.19	1287.46	1256.78	1273.37	459540	350771210	19
2016.05.15	1272.72	1288.62	1243.66	1252.46	473530	370343766	24
2016.05.22	1250.34	1255.94	1206.67	1211.56	416252	329564150	17
2016.05.29	1212.93	1244.31	1199.62	1244.05	394886	307733658	24
2016.06.05	1244.00	1278.09	1234.72	1274.30	388430	305813489	21
2016.06.12	1274.69	1315.54	1272.35	1298.84	479938	363107357	24
2016.06.19	1286.09	1358.25	1250.34	1316.97	550475	371159266	24
2016.06.26	1326.11	1344.49	1305.40	1342.65	828202	452521303	24
2016.07.03	1339.61	1375.05	1335.17	1364.73	763513	492413711	24
2016.07.10	1368.43	1374.83	1320.08	1337.19	912176	542439673	24
2016.07.17	1334.11	1338.25	1310.77	1322.71	714396	488361289	24
2016.07.24	1321.77	1354.90	1312.25	1350.80	632219	439191954	24
2016.07.31	1350.61	1367.21	1334.61	1337.28	590151	415276126	24
2016.08.07	1332.89	1357.11	1329.77	1336.72	588363	420137629	0
2016.08.14	1337.13	1357.94	1335.57	1340.17	545876	478668556	23
2016.08.21	1338.34	1344.58	1317.93	1321.92	550644	492357218	24
2016.08.28	1319.53	1329.99	1302.41	1325.12	520097	427208852	0
2016.09.04	1324.73	1352.51	1321.68	1327.71	471271	407400977	19
2016.09.11	1328.49	1331.88	1306.14	1310.15	577399	444014914	24
2016.09.18	1309.83	1343.55	1307.78	1338.53	449906	362495917	24
2016.09.25	1336.59	1342.02	1313.13	1316.38	583684	382618189	24
2016.10.02	1317.19	1319.52	1241.30	1256.89	593151	345415158	0
2016.10.09	1257.40	1264.85	1246.03	1251.73	498172	378996833	21
2016.10.16	1251.17	1274.52	1250.03	1266.91	474252	322044111	20
2016.10.23	1265.89	1284.07	1260.28	1275.84	463774	315124717	22
2016.10.30	1277.21	1307.96	1271.11	1304.27	556767	351082989	24
2016.11.06	1292.27	1337.16	1219.03	1225.38	960728	516109652	24
2016.11.13	1228.97	1232.96	1202.74	1208.44	783126	398888250	24
2016.11.20	1207.44	1220.95	1170.11	1183.71	550893	269127878	24
2016.11.27	1185.72	1197.53	1160.63	1176.80	742360	451642461	24
2016.12.04	1185.41	1187.93	1156.16	1157.63	654666	361861326	24
2016.12.11	1158.46	1165.72	1122.62	1133.74	624085	340251812	22
2016.12.18	1135.79	1142.24	1125.67	1133.18	375032	212648789	20
2016.12.25	1134.39	1163.15	1131.58	1151.68	276598	153667394	0
2017.01.01	1151.67	1184.94	1145.95	1172.57	543765	350742026	22
2017.01.08	1172.87	1206.88	1172.38	1197.45	662804	507174441	15
2017.01.15	1198.74	1218.77	1195.79	1209.49	636337	512058050	19
2017.01.22	1210.98	1219.40	1180.48	1191.40	592339	492918632	18
2017.01.29	1192.87	1225.21	1188.20	1219.64	788227	631802848	24
2017.02.05	1222.26	1244.64	1219.11	1233.88	697218	618106831	20
2017.02.12	1230.76	1243.71	1216.64	1235.13	540015	465504065	24
2017.02.19	1235.66	1260.05	1226.04	1256.80	428067	337124733	24
2017.02.26	1256.22	1263.79	1222.84	1234.13	488876	328335312	24
2017.03.05	1233.17	1236.76	1194.91	1204.40	420468	277516598	24
2017.03.12	1206.11	1233.67	1197.23	1229.25	372535	236753662	24
2017.03.19	1230.53	1253.22	1226.82	1245.57	387704	230214977	24
2017.03.26	1248.09	1260.97	1239.61	1248.86	377610	223305435	24
2017.04.02	1247.94	1270.83	1243.65	1254.84	416028	224516515	6
2017.04.09	1254.60	1288.54	1247.08	1287.95	337999	192316407	24
2017.04.16	1291.28	1295.45	1273.98	1284.21	394458	217906358	24
2017.04.23	1268.39	1278.05	1260.00	1268.05	384306	220995758	7
2017.04.30	1268.56	1271.15	1225.68	1227.73	343444	209279725	24
2017.05.07	1224.98	1236.50	1214.23	1228.50	324151	194038162	24
2017.05.14	1229.93	1265.00	1226.90	1255.20	419229	251374003	24
2017.05.21	1255.04	1269.39	1247.85	1267.16	357636	209736558	24
2017.05.28	1267.29	1279.40	1258.93	1278.54	278655	154302389	24
2017.06.04	1279.53	1296.01	1264.57	1267.59	338768	199647967	24
2017.06.11	1266.50	1280.85	1251.36	1253.71	355940	206087377	24
2017.06.18	1253.34	1258.80	1240.78	1256.49	299887	171112571	24
2017.06.25	1257.36	1258.03	1236.01	1241.34	375750	214504187	24
2017.07.02	1242.12	1242.63	1207.26	1212.44	327873	193956870	24
2017.07.09	1213.48	1232.77	1204.81	1228.77	303672	181290593	24
2017.07.16	1229.55	1255.63	1228.19	1254.39	316564	163813633	24
2017.07.23	1255.30	1270.76	1243.69	1269.63	413204	193469454	24
2017.07.30	1270.54	1274.04	1254.12	1258.76	346173	155113767	24
2017.08.06	1257.14	1291.93	1251.44	1290.52	390824	170246567	24
2017.08.13	1289.31	1300.74	1267.23	1284.97	409974	196059250	24
2017.08.20	1282.99	1294.52	1276.37	1290.94	348013	175640536	24
2017.08.27	1292.48	1328.76	1291.78	1324.36	439916	237421934	24
2017.09.03	1335.18	1357.42	1326.22	1346.58	448997	224146244	24
2017.09.10	1338.93	1339.96	1315.60	1320.55	461059	160947723	0
2017.09.17	1318.33	1319.59	1288.08	1296.63	371044	190511401	24
2017.09.24	1295.97	1313.56	1275.92	1279.14	392297	192017031	24
2017.10.01	1278.95	1282.12	1260.54	1276.06	303155	149351815	24
2017.10.08	1275.91	1303.61	1275.16	1303.05	461149	640689365	24
2017.10.15	1303.33	1305.91	1276.45	1280.48	798966	1816464303	26
2017.10.22	1277.23	1283.51	1263.62	1273.14	860291	2086603967	26
2017.10.29	1273.28	1283.96	1265.37	1270.03	780492	1939812380	27
2017.11.05	1269.42	1288.31	1265.98	1275.97	848276	3517258870	29
2017.11.12	1274.95	1296.77	1269.80	1294.15	847422	3397120440	29
2017.11.19	1293.14	1294.62	1274.46	1288.27	710455	2848188820	29
2017.11.26	1288.10	1299.08	1270.22	1280.05	896250	541255867	28
2017.12.03	1273.95	1277.02	1243.60	1247.97	842361	342451830	29
2017.12.10	1247.73	1261.72	1236.37	1255.11	721540	296364688	29
2017.12.17	1254.14	1276.02	1252.62	1274.81	602339	226296704	28
2017.12.24	1278.14	1307.41	1276.92	1302.37	380084	118634483	30
2017.12.31	1309.81	1325.84	1305.70	1319.99	533400	216012196	29
2018.01.07	1320.69	1339.21	1307.96	1338.16	786284	318465163	29
2018.01.14	1336.05	1344.60	1324.14	1331.65	845725	336862790	0
2018.01.21	1335.05	1365.92	1328.27	1349.99	966516	368386018	15
2018.01.28	1351.03	1352.39	1327.43	1332.74	1042400	412669243	5
2018.02.04	1331.64	1346.08	1307.04	1316.33	1440445	553165115	12
2018.02.11	1315.38	1361.69	1315.13	1347.68	836037	0	14
2018.02.18	1349.69	1351.34	1320.93	1328.74	655103	0	0
2018.02.25	1329.83	1341.00	1302.76	1322.03	789824	0	14
2018.03.04	1323.71	1340.37	1312.83	1323.52	933135	0	14
2018.03.11	1322.86	1330.01	1309.60	1313.47	667742	0	14
2018.03.18	1313.14	1350.20	1307.17	1347.51	737543	0	14
2018.03.25	1348.15	1356.84	1321.21	1324.94	599205	0	14
2018.04.01	1325.80	1348.22	1319.50	1332.80	813927	0	14
2018.04.08	1333.49	1365.20	1326.85	1345.01	837534	0	14
2018.04.15	1342.69	1355.67	1334.94	1335.68	735959	0	14
2018.04.22	1334.69	1335.43	1315.26	1323.40	686057	0	14
2018.04.29	1322.78	1324.88	1301.74	1314.88	704476	0	14
2018.05.06	1314.89	1325.90	1304.28	1318.79	697286	0	14
2018.05.13	1318.11	1322.29	1284.93	1292.28	678537	0	14
2018.05.20	1291.52	1307.75	1282.00	1301.06	709668	0	14
2018.05.27	1299.41	1306.57	1289.34	1293.57	791956	0	12
2018.06.03	1293.04	1303.09	1289.69	1298.78	544269	0	14
2018.06.10	1299.10	1309.28	1275.33	1279.29	539901	0	13
2018.06.17	1279.13	1283.99	1261.29	1269.01	482783	0	14
2018.06.24	1271.37	1272.56	1245.84	1252.86	514147	0	14
2018.07.01	1252.73	1261.07	1237.82	1254.78	439831	0	12
2018.07.08	1255.25	1265.84	1236.30	1241.13	496110	0	14
2018.07.15	1241.27	1245.51	1211.45	1231.36	496296	0	12
2018.07.22	1230.39	1235.18	1217.51	1223.16	525944	0	14
2018.07.29	1223.34	1228.53	1204.40	1213.24	450344	0	10
2018.08.05	1213.61	1217.85	1205.70	1211.60	429561	0	13
2018.08.12	1212.51	1213.80	1160.07	1184.14	387520	0	14
2018.08.19	1183.46	1208.49	1182.60	1206.24	324165	0	15
2018.08.26	1207.20	1214.21	1196.17	1200.90	307240	0	12
2018.09.02	1200.68	1206.95	1189.56	1195.65	369014	0	15
2018.09.09	1196.35	1212.60	1187.66	1193.43	340563	0	15
2018.09.16	1193.67	1211.03	1191.78	1199.04	351100	0	15
2018.09.23	1198.88	1204.12	1180.66	1191.21	321278	0	15
2018.09.30	1191.89	1208.25	1184.51	1203.42	326333	0	15
2018.10.07	1203.18	1226.30	1183.16	1217.76	305963	0	13
2018.10.14	1217.78	1233.22	1217.74	1226.49	296022	0	12
2018.10.21	1228.00	1243.36	1219.97	1233.43	309682	0	15
2018.10.28	1232.96	1237.33	1211.93	1232.75	316113	0	12
2018.11.04	1233.14	1236.43	1206.65	1209.44	310500	0	10
2018.11.11	1209.41	1225.23	1196.21	1221.24	314683	0	15
2018.11.18	1221.94	1230.03	1217.97	1222.51	246331	0	12
2018.11.25	1223.38	1228.91	1211.15	1221.86	261931	0	15
2018.12.02	1222.91	1249.98	1221.25	1247.93	294312	0	15
2018.12.09	1250.40	1250.49	1232.89	1238.00	331315	0	15
2018.12.16	1237.33	1266.43	1235.47	1255.80	290445	0	12
2018.12.23	1258.48	1282.10	1257.89	1280.48	172189	0	15
2018.12.30	1279.92	1298.52	1276.54	1284.81	187956	0	15
2019.01.06	1285.34	1297.03	1279.31	1287.80	219421	0	15
2019.01.13	1288.04	1295.79	1280.56	1281.03	190867	0	12
2019.01.20	1282.53	1303.91	1276.70	1303.10	159030	0	13
2019.01.27	1302.27	1326.25	1297.56	1317.81	194834	0	12
2019.02.03	1317.60	1317.89	1302.73	1313.90	153952	0	9
2019.02.10	1313.14	1322.57	1302.34	1321.19	182768	0	15
2019.02.17	1317.36	1346.66	1315.81	1327.60	197255	0	15
2019.02.24	1327.47	1332.51	1290.12	1293.34	195943	0	0
2019.03.03	1295.06	1300.69	1280.77	1298.23	198398	0	12
2019.03.10	1296.85	1311.19	1290.42	1301.92	162381	0	12
2019.03.17	1302.24	1320.35	1298.13	1313.07	185196	0	15
2019.03.24	1312.19	1324.49	1286.66	1292.16	196220	0	8
2019.03.31	1292.15	1296.97	1280.88	1291.34	143745	0	12
2019.04.07	1292.17	1310.53	1289.53	1290.45	165105	0	9
2019.04.14	1291.22	1291.89	1271.09	1275.38	132110	0	11
2019.04.21	1275.72	1288.67	1266.21	1285.81	157892	0	10
2019.04.28	1285.92	1287.23	1266.20	1278.67	186749	0	8
2019.05.05	1282.56	1291.44	1276.93	1285.65	216269	0	12
2019.05.12	1287.13	1303.23	1274.72	1277.58	191423	0	12
2019.05.19	1278.29	1287.27	1269.41	1284.73	163210	0	10
2019.05.26	1285.21	1306.92	1274.95	1305.04	183360	0	10
2019.06.02	1306.59	1348.23	1306.49	1340.11	273112	0	9
2019.06.09	1334.62	1358.12	1319.83	1341.13	250754	0	15
2019.06.16	1341.76	1411.76	1332.93	1398.80	412822	0	15
2019.06.23	1399.87	1439.21	1398.59	1410.20	474035	0	15
2019.06.30	1391.67	1437.73	1381.66	1398.66	382399	0	15
2019.07.07	1399.09	1427.07	1385.69	1415.20	296392	0	15
2019.07.14	1416.52	1452.92	1400.01	1425.45	323742	0	15
2019.07.21	1426.44	1433.73	1411.00	1418.71	299586	0	15
2019.07.28	1420.75	1447.93	1400.44	1439.48	357969	0	15
2019.08.04	1440.29	1510.33	1436.67	1496.91	532581	0	15
2019.08.11	1496.05	1534.95	1479.77	1511.53	542159	0	14
2019.08.18	1509.43	1530.20	1492.43	1527.09	366395	0	14
2019.08.25	1545.74	1555.21	1516.93	1520.71	499772	0	14
2019.09.01	1529.39	1556.98	1502.47	1506.96	458712	0	14
2019.09.08	1503.51	1524.13	1484.45	1488.49	401853	0	14
2019.09.15	1500.71	1517.01	1482.97	1516.40	351650	0	14
2019.09.22	1512.63	1535.63	1486.79	1496.70	394900	0	14
2019.09.29	1496.25	1519.48	1459.03	1504.16	448518	0	14
2019.10.06	1508.53	1516.98	1473.93	1487.49	514019	0	14
2019.10.13	1486.43	1498.53	1476.96	1489.87	405084	0	14
2019.10.20	1491.65	1517.93	1480.78	1504.32	352680	0	14
2019.10.27	1503.29	1516.09	1481.08	1513.90	367260	0	14
2019.11.03	1512.69	1514.77	1456.12	1458.50	401824	0	14
2019.11.10	1460.22	1474.55	1445.57	1467.20	376784	0	14
2019.11.17	1467.85	1478.75	1456.28	1462.22	370875	0	14
2019.11.24	1460.39	1466.53	1450.02	1463.83	250956	0	14
2019.12.01	1462.43	1484.01	1453.89	1459.66	343014	0	14
2019.12.08	1458.58	1486.69	1458.48	1475.66	348107	0	14
2019.12.15	1474.85	1481.64	1470.38	1478.05	255839	0	10
2019.12.22	1477.96	1515.29	1477.46	1510.64	180393	0	10
2019.12.29	1511.16	1553.43	1510.70	1551.41	259824	0	10
2020.01.05	1575.89	1611.35	1540.20	1562.10	537397	0	7
2020.01.12	1559.55	1561.21	1535.96	1556.40	361016	0	7
2020.01.19	1559.00	1575.95	1546.30	1571.09	346477	0	7
2020.01.26	1580.71	1590.17	1563.35	1590.06	454072	0	7
2020.02.02	1588.65	1592.00	1547.38	1570.11	424561	0	7
2020.02.09	1569.27	1585.01	1561.92	1584.23	353145	0	7
2020.02.16	1581.25	1649.23	1578.85	1643.60	410795	0	7
2020.02.23	1659.37	1689.25	1562.93	1584.70	843071	0	7
2020.03.01	1581.79	1692.09	1575.31	1673.72	727024	0	7
2020.03.08	1695.92	1703.44	1504.62	1529.78	774467	0	2
2020.03.15	1543.04	1562.94	1451.13	1498.64	861612	0	2
2020.03.22	1490.20	1644.37	1485.00	1622.55	359304	0	0
2020.03.29	1619.97	1632.25	1569.33	1615.79	389196	0	0
2020.04.05	1614.62	1690.43	1608.35	1684.94	379259	0	2
2020.04.12	1677.47	1747.40	1674.98	1681.51	548922	0	18
2020.04.19	1683.02	1738.78	1660.03	1726.74	665827	0	18
2020.04.26	1722.32	1727.59	1670.40	1699.27	644465	0	18
2020.05.03	1698.03	1723.60	1681.14	1702.57	474828	0	18
2020.05.10	1702.38	1751.68	1691.53	1743.75	615954	0	18
2020.05.17	1747.36	1765.08	1717.10	1735.54	642778	0	18
2020.05.24	1732.11	1737.69	1693.62	1730.74	444846	0	0
2020.05.31	1735.40	1745.09	1670.55	1684.84	464554	0	5
2020.06.07	1680.52	1744.63	1677.22	1730.22	491241	0	5
2020.06.14	1730.76	1745.28	1704.11	1742.08	445275	0	5
2020.06.21	1747.68	1779.43	1742.74	1770.02	440457	0	5
2020.06.28	1770.32	1789.08	1757.43	1774.90	314098	0	5
2020.07.05	1773.37	1817.92	1769.86	1798.27	341116	0	5
2020.07.12	1799.11	1815.04	1790.63	1809.41	328483	0	5
2020.07.19	1808.04	1906.50	1805.62	1901.55	514399	0	5
2020.07.26	1902.64	1983.97	1902.54	1974.15	658526	0	5
2020.08.02	1983.53	2074.87	1960.39	2032.34	668851	0	5
2020.08.09	2026.31	2049.85	1862.58	1943.65	816403	0	5
2020.08.16	1944.84	2015.57	1911.26	1937.19	774332	0	5
2020.08.23	1936.69	1976.53	1902.64	1963.68	704846	0	5
2020.08.30	1969.07	1992.29	1916.27	1932.75	569687	0	5
2020.09.06	1932.07	1966.53	1906.54	1941.17	528636	0	5
2020.09.13	1937.74	1973.64	1932.87	1950.13	530119	0	5
2020.09.20	1949.75	1955.62	1848.75	1860.22	777389	0	5
2020.09.27	1862.90	1917.10	1848.93	1899.23	607696	0	5
2020.10.04	1903.47	1930.41	1872.94	1930.23	476205	0	5
2020.10.11	1926.89	1933.18	1882.46	1898.14	454944	0	5
2020.10.18	1899.71	1931.36	1894.29	1902.27	404687	0	5
2020.10.25	1895.09	1911.42	1859.92	1878.37	459546	0	5
2020.11.01	1879.27	1960.29	1873.41	1951.70	579430	0	5
2020.11.08	1957.18	1965.46	1850.52	1888.49	634291	0	5
2020.11.15	1887.89	1899.01	1852.69	1870.78	456212	0	5
2020.11.22	1870.86	1876.14	1774.33	1786.76	411378	0	5
2020.11.29	1789.31	1848.17	1764.38	1837.89	427110	0	5
2020.12.06	1836.86	1875.28	1821.99	1839.32	421771	0	5
2020.12.13	1837.07	1896.19	1818.34	1880.84	426125	0	5
2020.12.20	1882.51	1906.70	1854.99	1879.30	388897	0	5
2020.12.27	1888.40	1900.38	1869.12	1893.68	288398	0	5
2021.01.03	1909.07	1959.29	1828.27	1848.56	610069	0	5
2021.01.10	1854.74	1863.80	1817.00	1826.96	541929	0	5
2021.01.17	1828.39	1875.05	1810.29	1853.44	856346	0	0
2021.01.24	1858.02	1875.69	1831.35	1846.54	1861093	0	0
2021.01.31	1855.57	1871.78	1784.90	1811.79	1972649	0	0
2021.02.07	1817.35	1855.35	1807.76	1823.66	1453989	0	0
2021.02.14	1824.88	1827.03	1760.63	1782.57	1298676	0	0
2021.02.21	1786.78	1816.01	1717.18	1733.73	1629899	0	0
2021.02.28	1737.79	1759.89	1687.18	1701.10	1559414	0	0
2021.03.07	1706.24	1739.89	1676.77	1726.88	1335103	0	0
2021.03.14	1726.68	1755.54	1719.25	1745.17	1196397	0	0
2021.03.21	1739.76	1745.46	1721.62	1732.72	1013511	0	0
2021.03.28	1731.17	1732.89	1677.86	1729.90	867717	0	0
2021.04.04	1728.66	1758.67	1721.25	1743.17	992705	0	0
2021.04.11	1742.71	1783.79	1723.70	1776.07	1103280	0	0
2021.04.18	1775.67	1797.88	1763.53	1775.95	1133862	0	0
2021.04.25	1775.48	1789.98	1756.33	1768.77	1103565	0	0
2021.05.02	1766.81	1843.30	1766.04	1830.32	1118135	0	0
2021.05.09	1833.04	1845.93	1808.76	1843.68	1282266	0	0
2021.05.16	1843.52	1890.09	1843.52	1880.83	1274426	0	0
2021.05.23	1881.41	1912.74	1872.68	1904.62	1180070	0	0
2021.05.30	1903.74	1916.58	1855.50	1891.34	1062371	0	0
2021.06.06	1890.19	1903.67	1869.84	1875.86	1084641	0	0
2021.06.13	1876.07	1877.62	1760.91	1763.70	1353848	0	0
2021.06.20	1768.64	1794.95	1766.40	1780.75	1253079	0	0
2021.06.27	1781.24	1795.04	1750.69	1786.21	1029649	0	0
2021.07.04	1787.11	1818.45	1784.47	1807.48	983277	0	0
2021.07.11	1807.97	1834.09	1791.65	1810.81	973663	0	0
2021.07.18	1811.29	1824.97	1789.63	1801.68	1096201	0	0
2021.07.25	1802.26	1832.66	1792.54	1813.95	998530	0	0
2021.08.01	1814.60	1831.71	1758.65	1763.16	901720	0	0
2021.08.08	1761.08	1779.31	1682.99	1779.13	940910	0	0
2021.08.15	1779.08	1795.47	1770.80	1780.40	912216	0	0
2021.08.22	1781.52	1819.16	1776.44	1817.57	820285	0	0
2021.08.29	1818.18	1833.95	1801.71	1827.37	725861	0	0
2021.09.05	1828.29	1830.24	1782.39	1787.79	717375	0	0
2021.09.12	1787.35	1808.66	1745.34	1753.02	556138	0	0
2021.09.19	1754.37	1787.21	1737.86	1748.63	553776	0	0
2021.09.26	1749.87	1764.30	1721.66	1760.10	509729	0	0
2021.10.03	1760.86	1781.31	1745.86	1756.36	394940	0	7
2021.10.10	1757.04	1800.57	1750.13	1767.82	396688	0	7
2021.10.17	1767.22	1813.83	1760.31	1792.68	418295	0	7
2021.10.24	1793.05	1810.42	1771.96	1782.60	424308	0	7
2021.10.31	1783.36	1818.27	1758.82	1818.18	474469	0	7
2021.11.07	1815.65	1868.65	1812.40	1864.43	429858	0	7
2021.11.14	1866.82	1877.18	1842.95	1845.51	389252	0	7
2021.11.21	1842.06	1849.08	1778.54	1788.10	409121	0	7
2021.11.28	1788.92	1808.68	1761.93	1783.89	500699	0	0
2021.12.05	1782.14	1793.08	1770.13	1782.76	337210	0	7
2021.12.12	1782.76	1814.26	1752.92	1797.96	350782	0	7
2021.12.19	1800.34	1810.73	1784.87	1808.31	228830	0	7
2021.12.26	1805.98	1830.32	1789.42	1828.71	238151	0	7
2022.01.02	1830.59	1831.78	1782.57	1796.04	328649	0	7
2022.01.09	1795.17	1829.13	1790.35	1817.45	340358	0	7
2022.01.16	1817.36	1847.89	1805.75	1833.66	345655	0	7
2022.01.23	1832.94	1853.86	1780.29	1791.30	374332	0	7
2022.01.30	1789.18	1814.89	1785.58	1807.78	243834	0	7
2022.02.06	1808.58	1865.48	1807.90	1860.51	307902	0	7
2022.02.13	1856.81	1902.46	1844.55	1898.29	316544	0	7
2022.02.20	1901.87	1974.37	1878.11	1887.83	425150	0	7
2022.02.27	1922.88	1970.21	1890.98	1968.68	403666	0	7
2022.03.06	1982.95	2070.34	1958.66	1985.57	354163	0	7
2022.03.13	1980.21	1983.70	1895.27	1920.09	240461	0	7
2022.03.20	1924.69	1966.17	1910.71	1955.02	268395	0	7
2022.03.27	1955.50	1958.31	1890.10	1922.93	371539	0	7
2022.04.03	1924.28	1948.11	1915.01	1945.39	337821	0	7
2022.04.10	1947.92	1981.50	1939.96	1972.17	276373	0	7
2022.04.17	1972.59	1998.36	1926.54	1931.31	366086	0	7
2022.04.24	1932.44	1934.39	1872.07	1896.53	393929	0	7
2022.05.01	1899.31	1909.76	1850.38	1881.93	349674	0	7
2022.05.08	1883.49	1885.61	1799.08	1810.87	398920	0	7
2022.05.15	1814.08	1849.37	1786.72	1845.84	350068	0	7
2022.05.22	1848.71	1869.65	1840.95	1853.28	287001	0	7
2022.05.29	1852.56	1874.05	1828.47	1850.52	268903	0	7
2022.06.05	1850.66	1875.88	1825.02	1870.86	279006	0	7
2022.06.12	1877.96	1879.00	1805.09	1841.10	405473	0	7
2022.06.19	1836.06	1847.77	1816.90	1826.26	303351	0	7
2022.06.26	1836.07	1841.00	1784.49	1807.42	319161	0	7
2022.07.03	1809.78	1814.20	1732.26	1741.76	306525	0	7
2022.07.10	1741.03	1745.30	1697.41	1706.51	384974	0	7
2022.07.17	1706.89	1739.22	1680.85	1722.84	322979	0	7
2022.07.24	1725.98	1767.87	1711.46	1765.40	345468	0	7
2022.07.31	1765.09	1794.90	1754.27	1774.01	360590	0	7
2022.08.07	1773.11	1807.95	1771.18	1801.00	297460	0	7
2022.08.14	1801.53	1801.74	1745.57	1746.58	303624	0	7
2022.08.21	1745.58	1765.41	1727.72	1738.58	307193	0	7
2022.08.28	1734.82	1745.41	1688.76	1711.61	316894	0	7
2022.09.04	1711.13	1729.47	1691.38	1716.30	300210	0	7
2022.09.11	1718.22	1735.07	1654.06	1675.08	335063	0	0
2022.09.18	1674.33	1687.95	1639.74	1643.97	343088	0	7
2022.09.25	1643.02	1675.39	1614.75	1661.06	426016	0	7
2022.10.02	1664.20	1729.38	1659.68	1694.36	380118	0	7
2022.10.09	1696.18	1699.77	1640.15	1644.09	518323	0	7
2022.10.16	1646.05	1668.42	1617.22	1656.51	504980	0	7
2022.10.23	1659.82	1674.86	1637.97	1644.88	513198	0	7
2022.10.30	1643.64	1681.73	1616.60	1680.54	484704	0	7
2022.11.06	1675.31	1772.76	1664.71	1771.01	522722	0	7
2022.11.13	1763.69	1786.52	1747.51	1749.86	527546	0	7
2022.11.20	1751.23	1761.15	1723.80	1756.10	405396	0	0
2022.11.27	1753.19	1804.42	1739.61	1797.82	512311	0	7
2022.12.04	1794.67	1809.95	1765.81	1796.64	480053	0	7
2022.12.11	1795.93	1824.45	1773.69	1792.26	507062	0	0
2022.12.18	1792.18	1823.79	1783.87	1798.00	461108	0	7
2022.12.25	1800.59	1833.29	1796.99	1824.51	306415	0	7
2023.01.01	1827.97	1869.84	1823.71	1865.97	447575	0	7
2023.01.08	1866.26	1921.86	1866.26	1920.39	486902	0	7
2023.01.15	1918.21	1937.51	1896.58	1926.83	477166	0	7
2023.01.22	1924.23	1949.15	1911.37	1927.94	443452	0	7
2023.01.29	1926.75	1959.72	1861.42	1865.71	596296	0	7
2023.02.05	1864.22	1890.24	1852.71	1864.81	548242	0	7
2023.02.12	1864.07	1870.56	1818.91	1841.89	513214	0	7
2023.02.19	1841.21	1847.45	1808.93	1810.72	443881	0	7
2023.02.26	1811.80	1856.36	1804.63	1855.03	475065	0	7
2023.03.05	1853.71	1870.13	1809.33	1868.04	497567	0	7
2023.03.12	1882.66	1987.76	1871.50	1984.73	833077	0	7
2023.03.19	1985.24	2009.75	1934.23	1976.78	684507	0	7
2023.03.26	1976.58	1987.52	1944.00	1968.81	494316	0	7
2023.04.02	1966.24	2032.07	1949.73	2007.15	429517	0	7
2023.04.09	1997.06	2048.68	1981.61	2004.18	480820	0	7
2023.04.16	2000.95	2015.03	1969.22	1983.18	479692	0	7
2023.04.23	1982.18	2009.30	1973.98	1989.27	545103	0	7
2023.04.30	1989.79	2062.82	1977.06	2016.47	549536	0	7
2023.05.07	2016.37	2048.16	2000.87	2010.81	528855	0	7
2023.05.14	2008.56	2022.18	1951.94	1977.06	516121	0	7
2023.05.21	1978.02	1985.20	1936.68	1946.73	505648	0	7
2023.05.28	1942.98	1983.39	1932.01	1947.98	441850	0	7
2023.06.04	1947.35	1972.94	1938.09	1960.82	487492	0	7
2023.06.11	1959.48	1971.09	1924.59	1957.76	509285	0	7
2023.06.18	1958.44	1958.73	1910.16	1919.73	445745	0	7
2023.06.25	1923.24	1933.33	1892.95	1918.83	479610	0	7
2023.07.02	1918.39	1935.07	1902.66	1925.35	427540	0	7
2023.07.09	1925.15	1963.75	1912.65	1955.10	471974	0	7
2023.07.16	1954.96	1987.46	1945.71	1961.72	457126	0	7
2023.07.23	1962.36	1982.20	1942.56	1959.00	459332	0	7
2023.07.30	1959.72	1972.41	1925.41	1942.75	425156	0	7
2023.08.06	1942.53	1946.66	1910.75	1913.34	363841	0	7
2023.08.13	1913.85	1916.19	1884.94	1889.45	395494	0	7
2023.08.20	1889.52	1923.32	1884.84	1914.74	391445	0	7
2023.08.27	1915.67	1952.91	1912.78	1939.51	400738	0	0
2023.09.03	1940.28	1946.37	1915.27	1919.22	430260	0	0
2023.09.10	1919.70	1930.68	1900.98	1923.38	559205	0	0
2023.09.17	1924.09	1947.41	1913.89	1925.22	485116	0	0
2023.09.24	1926.15	1927.15	1846.30	1849.12	533531	0	0
2023.10.01	1847.38	1848.92	1810.37	1831.92	658400	0	0
2023.10.08	1853.33	1930.76	1844.19	1929.58	823724	0	0
2023.10.15	1927.63	1997.13	1908.14	1980.23	703724	0	0
2023.10.22	1972.75	2009.33	1953.57	2005.22	669119	0	0
2023.10.29	2002.99	2007.72	1969.85	1992.31	605619	0	0
2023.11.05	1991.36	1993.03	1932.93	1937.03	557161	0	0
2023.11.12	1940.31	1993.40	1919.39	1980.22	605703	0	0
2023.11.19	1977.55	2007.51	1965.29	2002.16	580601	0	0
2023.11.26	2001.13	2075.31	2000.48	2071.16	678845	0	0
2023.12.03	2074.33	2144.76	1994.64	2003.40	624712	0	0
2023.12.10	2005.50	2047.90	1973.02	2018.23	509760	0	7
2023.12.17	2019.57	2070.57	2015.93	2053.06	403069	0	7
2023.12.24	2057.17	2088.38	2053.46	2062.57	284291	0	7
2023.12.31	2065.22	2078.87	2024.36	2045.70	479772	0	7
2024.01.07	2044.57	2062.23	2013.28	2048.87	663120	0	7
2024.01.14	2047.84	2058.61	2001.85	2029.45	635899	0	7
2024.01.21	2028.70	2037.74	2009.02	2018.57	592600	0	7
2024.01.28	2023.64	2065.35	2019.25	2038.64	607628	0	7
2024.02.04	2041.52	2044.58	2014.91	2024.30	556018	0	7
2024.02.11	2026.68	2032.36	1984.19	2013.15	527150	0	0
2024.02.18	2011.81	2041.34	2011.78	2035.81	472517	0	7
2024.02.25	2033.15	2088.29	2024.49	2083.54	496134	0	6
2024.03.03	2082.87	2195.16	2079.44	2177.80	622976	0	7
2024.03.10	2179.88	2188.96	2150.59	2156.07	526257	0	7
2024.03.17	2153.49	2222.72	2146.05	2164.96	556060	0	7
2024.03.24	2166.27	2236.25	2163.55	2229.47	431138	0	7
2024.03.31	2239.37	2330.30	2228.50	2328.89	699464	0	7
2024.04.07	2327.79	2431.43	2302.86	2343.85	885467	0	0
2024.04.14	2358.69	2417.81	2324.24	2390.33	946156	0	7
2024.04.21	2384.33	2388.52	2291.33	2336.59	746415	0	7
2024.04.28	2333.77	2346.68	2277.31	2303.29	702948	0	0
2024.05.05	2302.31	2378.38	2291.81	2360.25	613045	0	7
2024.05.12	2361.48	2422.69	2332.07	2415.56	679773	0	9
2024.05.19	2425.19	2450.01	2325.36	2334.32	816050	0	7
2024.05.26	2335.93	2364.06	2320.58	2329.44	698941	0	9
2024.06.02	2328.67	2387.66	2286.73	2294.00	776021	0	0
2024.06.09	2290.05	2341.56	2287.72	2332.18	553142	0	13
2024.06.16	2331.13	2368.67	2306.57	2321.36	380131	0	9
2024.06.23	2321.10	2339.75	2293.60	2325.49	519401	0	10
2024.06.30	2323.04	2392.85	2318.49	2391.10	581955	0	8
2024.07.07	2389.45	2424.51	2349.39	2411.60	648014	0	8
2024.07.14	2411.88	2483.67	2393.81	2398.46	828799	0	9
2024.07.21	2403.80	2431.96	2353.06	2388.01	827198	0	9
2024.07.28	2388.05	2477.63	2369.63	2440.07	903354	0	9
2024.08.04	2440.31	2458.76	2364.30	2430.55	982025	0	8
2024.08.11	2428.17	2509.70	2423.81	2508.20	764151	0	8
2024.08.18	2505.89	2531.61	2470.73	2510.93	777936	0	8
2024.08.25	2511.93	2528.95	2493.64	2503.28	731760	0	13
2024.09.01	2502.75	2529.11	2471.83	2496.78	703048	0	8
2024.09.08	2496.94	2586.00	2485.54	2580.58	803183	0	9
2024.09.15	2578.71	2625.73	2546.77	2621.92	828124	0	8
2024.09.22	2621.01	2685.54	2613.84	2654.56	893685	0	8
2024.09.29	2661.60	2673.11	2624.62	2652.45	787707	0	8
2024.10.06	2651.59	2661.35	2602.55	2656.93	812408	0	9
2024.10.13	2649.67	2722.01	2638.02	2721.42	789943	0	8
2024.10.20	2722.91	2758.41	2708.74	2745.49	821332	0	14
2024.10.27	2733.74	2790.01	2724.65	2734.62	770078	0	14
2024.11.03	2731.95	2749.87	2643.13	2683.76	881293	0	14
2024.11.10	2683.36	2686.05	2536.75	2561.45	861903	0	11
2024.11.17	2567.97	2712.77	2567.94	2712.73	815699	0	15
2024.11.24	2710.91	2721.30	2605.21	2650.26	807499	0	18
2024.12.01	2648.70	2657.11	2613.48	2632.74	713692	0	17
2024.12.08	2643.10	2726.06	2627.41	2648.67	818544	0	0
2024.12.15	2648.79	2664.29	2586.40	2621.28	845967	0	15
2024.12.22	2622.24	2639.01	2608.08	2619.93	487308	0	28
2024.12.29	2621.49	2665.18	2596.00	2639.13	571876	0	16
2025.01.05	2639.60	2697.75	2614.66	2689.29	673895	0	22
2025.01.12	2689.47	2724.66	2656.66	2701.71	650057	0	14
2025.01.19	2701.11	2785.89	2689.34	2770.82	682850	0	22
2025.01.26	2765.67	2817.05	2730.40	2800.41	704446	0	22
2025.02.02	2801.71	2886.75	2772.07	2860.67	738878	0	13
2025.02.09	2861.42	2942.54	2860.17	2882.91	674330	0	13
2025.02.16	2893.49	2954.83	2878.81	2935.38	566005	0	13
2025.02.23	2939.55	2956.15	2832.58	2858.42	646211	0	17
2025.03.02	2873.06	2930.35	2858.88	2911.17	659459	0	21
2025.03.09	2912.26	3004.90	2880.18	2987.46	623903	0	19
2025.03.16	2987.57	3057.38	2982.20	3022.95	556903	0	21
2025.03.23	3023.36	3086.74	3002.38	3085.00	554120	0	21
2025.03.30	3092.45	3167.56	3015.88	3037.50	722662	0	21
2025.04.06	3027.85	3245.32	2956.66	3234.25	794134	0	0
2025.04.13	3221.92	3357.64	3193.73	3327.95	497006	0	21
2025.04.20	3331.86	3499.88	3260.09	3313.61	720612	0	21
2025.04.27	3325.87	3352.95	3201.92	3238.68	589957	0	21
2025.05.04	3238.61	3430.86	3237.73	3327.63	649890	0	21
2025.05.11	3288.50	3292.35	3120.81	3201.87	657523	0	23
2025.05.18	3215.86	3365.89	3204.56	3358.91	577048	0	23
2025.05.25	3351.71	3356.72	3245.47	3291.54	535675	0	23
2025.06.01	3303.08	3403.23	3300.18	3311.35	593471	0	23
2025.06.08	3317.76	3446.72	3293.35	3432.75	585221	0	23
2025.06.15	3440.97	3451.19	3340.34	3368.77	495918	0	23
2025.06.22	3383.50	3393.35	3256.12	3274.49	486364	0	23
2025.06.29	3272.53	3365.65	3248.92	3336.95	392400	0	21
2025.07.06	3341.37	3368.63	3282.72	3357.23	464340	0	21
2025.07.13	3360.49	3377.43	3309.68	3351.23	447345	0	21
2025.07.20	3348.73	3438.81	3324.91	3336.35	464094	0	21
2025.07.27	3329.25	3362.52	3268.06	3362.17	482308	0	21
2025.08.03	3364.06	3407.59	3344.94	3397.48	579458	0	16
2025.08.10	3400.42	3401.83	3329.75	3335.53	577770	0	21
2025.08.17	3334.57	3378.73	3311.43	3371.48	471409	0	21
2025.08.24	3368.58	3453.82	3351.24	3447.29	515278	0	21
2025.08.31	3445.83	3600.02	3437.01	3587.31	794911	0	21
2025.09.07	3591.63	3674.58	3579.48	3642.41	593902	0	21
2025.09.14	3644.63	3707.42	3626.54	3684.29	628111	0	21
2025.09.21	3687.88	3791.01	3683.61	3761.78	683728	0	21
2025.09.28	3764.52	3896.78	3763.35	3885.46	720527	0	15
2025.10.05	3888.17	4059.12	3884.11	4010.28	856988	0	15
2025.10.12	4010.13	4379.20	4010.13	4246.35	903972	0	15
2025.10.19	4259.89	4381.25	4003.30	4110.84	932998	0	15
2025.10.26	4083.43	4108.62	3886.56	4002.49	891286	0	17
2025.11.02	3995.64	4030.50	3928.72	3999.57	678571	0	15
2025.11.09	4006.48	4244.93	4004.17	4079.39	889371	0	17
2025.11.16	4077.87	4132.73	3997.99	4065.69	959914	0	15
2025.11.23	4067.39	4226.75	4040.14	4219.29	708910	0	17
2025.11.30	4225.62	4264.46	4163.52	4196.86	898836	0	21
2025.12.07	4203.18	4353.60	4169.92	4302.74	926488	0	21
2025.12.14	4303.29	4374.58	4271.33	4338.60	947740	0	21
2025.12.21	4340.69	4549.70	4339.69	4531.49	727074	0	21
2025.12.28	4540.32	4545.98	4274.60	4330.51	838165	0	22
2026.01.04	4356.68	4517.07	4349.83	4510.22	991190	0	22
2026.01.11	4521.15	4642.88	4521.04	4594.61	1099714	0	23
2026.01.18	4648.66	4989.58	4644.81	4982.44	1084276	0	23
2026.01.25	5014.00	5598.08	4690.03	4863.57	1578033	0	27
2026.02.01	4825.15	5091.83	4402.59	4960.19	1523901	0	33
2026.02.08	4987.55	5118.84	4878.53	5042.78	1093694	0	36
2026.02.15	5015.19	5104.85	4842.03	5103.59	843324	0	35
2026.02.22	5117.59	5278.74	5093.52	5277.51	1020774	0	35
2026.03.01	5358.16	5418.89	4995.98	5170.92	1356829	0	45
2026.03.08	5164.39	5238.35	5009.46	5018.52	1156795	0	0
2026.03.15	5015.17	5044.21	4477.16	4497.16	1271720	0	45
2026.03.22	4474.93	4602.39	4098.74	4498.41	1560381	0	45
2026.03.29	4511.48	4800.26	4418.17	4593.50	968491	0	37
