<DATE>	<OPEN>	<HIGH>	<LOW>	<CLOSE>	<TICKVOL>	<VOL>	<SPREAD>
2010.01.03	92.918	93.748	91.247	92.650	204917	0	10
2010.01.10	92.571	92.655	90.597	90.757	202913	0	10
2010.01.17	90.900	91.868	89.775	89.812	236170	0	10
2010.01.24	89.929	90.909	89.132	90.255	244938	0	10
2010.01.31	90.205	91.265	88.572	89.237	216810	0	10
2010.02.07	89.145	90.404	89.136	89.943	204071	0	10
2010.02.14	90.009	92.141	89.706	91.505	199167	0	10
2010.02.21	91.634	91.891	88.741	88.956	188505	0	10
2010.02.28	88.931	90.584	88.136	90.270	184192	0	10
2010.03.07	90.599	91.080	89.630	90.548	134844	0	9
2010.03.14	90.597	90.794	89.762	90.535	155292	0	10
2010.03.21	90.505	92.949	89.830	92.505	152588	0	9
2010.03.28	92.436	94.683	92.116	94.596	162780	0	10
2010.04.04	94.643	94.643	92.827	93.166	150990	0	10
2010.04.11	93.177	93.710	91.898	92.162	182323	0	10
2010.04.18	92.006	94.304	91.595	93.952	180558	0	10
2010.04.25	94.096	94.578	92.811	93.838	205161	0	9
2010.05.02	93.932	94.978	88.254	91.581	260903	0	9
2010.05.09	92.676	93.623	91.759	92.446	252227	0	9
2010.05.16	92.328	92.962	88.995	89.975	323393	0	10
2010.05.23	90.166	91.400	89.279	91.049	237249	0	10
2010.05.30	90.976	92.877	90.533	91.885	247419	1619410000	6
2010.06.06	91.849	92.074	90.846	91.644	274516	0	10
2010.06.13	91.719	92.104	90.439	90.695	220841	10500000	6
2010.06.20	90.428	91.465	89.217	89.223	177224	0	10
2010.06.27	89.301	89.453	86.963	87.738	200812	0	6
2010.07.04	87.719	88.695	87.015	88.610	160037	0	6
2010.07.11	88.678	89.145	86.262	86.564	239337	85094601000	6
2010.07.18	86.600	87.563	86.337	87.455	180957	0	10
2010.07.25	87.530	88.110	85.980	86.458	170241	0	10
2010.08.01	86.410	86.871	85.016	85.497	147155	0	10
2010.08.08	85.370	86.365	84.719	86.185	159528	0	9
2010.08.15	86.221	86.221	84.885	85.608	144420	0	10
2010.08.22	85.600	85.657	83.619	85.215	176630	0	10
2010.08.29	85.350	85.894	83.666	84.297	159333	0	9
2010.09.05	84.330	84.484	83.338	84.138	145657	0	10
2010.09.12	84.170	85.922	82.869	85.842	191674	0	9
2010.09.19	85.740	85.796	84.118	84.199	122711	0	10
2010.09.26	84.290	84.384	83.156	83.208	147749	0	10
2010.10.03	83.260	83.972	81.719	82.070	166009	0	9
2010.10.10	81.560	82.338	80.881	81.437	140086	0	10
2010.10.17	81.435	81.913	80.839	81.358	169122	0	9
2010.10.24	81.375	81.975	80.376	80.389	215224	0	9
2010.10.31	80.357	81.547	80.295	81.252	243927	0	9
2010.11.07	81.274	82.786	80.530	82.518	263818	0	10
2010.11.14	82.493	83.775	82.391	83.536	283192	0	9
2010.11.21	83.426	84.178	82.782	84.095	283853	0	10
2010.11.28	84.043	84.398	82.518	82.525	339584	0	9
2010.12.05	82.690	84.296	82.336	83.937	322706	0	10
2010.12.12	83.988	84.494	82.838	83.976	306097	0	4
2010.12.19	83.984	84.109	82.856	82.875	240459	0	9
2010.12.26	82.899	82.967	80.934	81.126	220102	0	9
2011.01.02	81.106	83.674	81.071	83.133	269644	0	9
2011.01.09	83.138	83.488	82.408	82.847	263255	0	9
2011.01.16	82.880	83.113	81.846	82.552	314359	0	8
2011.01.23	82.661	83.196	81.975	82.111	339626	0	4
2011.01.30	82.134	82.448	81.129	82.162	321149	0	9
2011.02.06	82.247	83.666	81.775	83.418	233115	0	9
2011.02.13	83.451	83.964	83.027	83.162	269799	0	9
2011.02.20	83.111	83.527	81.621	81.662	285610	0	9
2011.02.27	81.670	83.026	81.576	82.303	294309	0	9
2011.03.06	82.221	83.287	81.651	81.867	314298	0	9
2011.03.13	81.477	82.426	76.404	80.582	445076	0	9
2011.03.20	80.867	81.484	80.698	81.330	284261	0	9
2011.03.27	81.393	84.713	81.377	84.042	304403	0	9
2011.04.03	84.131	85.514	83.851	84.761	277988	0	9
2011.04.10	84.901	85.147	82.957	83.114	299668	0	9
2011.04.17	83.130	83.251	81.617	81.841	247894	0	9
2011.04.24	81.814	82.761	81.032	81.181	233818	9620929000	6
2011.05.01	81.099	81.682	79.582	80.610	255065	0	9
2011.05.08	80.678	81.324	80.155	80.758	286316	0	9
2011.05.15	80.839	82.229	80.626	81.687	140588	0	6
2011.05.22	81.750	82.210	80.703	80.762	189244	0	6
2011.05.29	80.806	81.763	80.055	80.263	269121	0	9
2011.06.05	80.240	80.450	79.694	80.305	217444	0	9
2011.06.12	80.292	81.047	80.021	80.045	294178	0	9
2011.06.19	80.120	80.787	80.009	80.406	250693	0	9
2011.06.26	80.411	81.258	80.255	80.819	225255	0	9
2011.07.03	80.802	81.467	80.495	80.592	215890	0	9
2011.07.10	80.540	80.827	78.463	79.121	258771	0	9
2011.07.17	79.078	79.304	78.223	78.530	191364	0	7
2011.07.24	78.228	78.637	76.722	76.768	197463	27686970000	6
2011.07.31	77.391	80.228	76.292	78.386	312528	35322860404	6
2011.08.07	78.160	78.431	76.303	76.673	363369	0	9
2011.08.14	76.902	77.086	75.957	76.533	267564	0	9
2011.08.21	76.814	77.689	76.461	76.602	259891	0	10
2011.08.28	76.685	77.216	76.420	76.780	282480	214637824639	6
2011.09.04	76.893	77.849	76.684	77.570	274583	0	10
2011.09.11	77.503	77.579	76.548	76.764	273050	0	9
2011.09.18	76.916	76.974	76.094	76.540	270421	0	10
2011.09.25	76.535	77.189	76.225	76.989	289358	0	9
2011.10.02	77.095	77.249	76.510	76.711	268392	0	9
2011.10.09	76.797	77.480	76.325	77.182	237847	0	9
2011.10.16	77.129	77.447	75.810	76.249	249432	0	9
2011.10.23	76.171	76.466	75.652	75.783	254329	0	10
2011.10.30	75.694	79.523	75.570	78.224	263125	0	10
2011.11.06	78.128	78.178	77.039	77.159	215554	0	10
2011.11.13	77.152	77.408	76.561	76.827	248074	0	7
2011.11.20	76.896	77.784	76.751	77.705	231732	0	9
2011.11.27	77.485	78.271	77.291	77.955	238060	0	9
2011.12.04	78.070	78.091	77.133	77.567	214883	0	4
2011.12.11	77.623	78.142	77.573	77.748	192866	0	4
2011.12.18	77.771	78.211	77.681	78.058	134549	0	3
2011.12.25	77.971	78.026	76.856	76.885	138686	0	9
2012.01.01	77.090	77.324	76.597	76.957	182616	0	8
2012.01.08	76.796	77.028	76.650	76.952	168945	0	6
2012.01.15	76.898	77.313	76.545	76.982	168815	0	9
2012.01.22	76.961	78.277	76.644	76.667	225615	0	4
2012.01.29	76.752	76.767	76.018	76.551	213118	0	4
2012.02.05	76.545	77.799	76.488	77.593	240584	0	9
2012.02.12	77.647	79.602	77.357	79.536	252150	0	9
2012.02.19	79.734	81.201	79.359	81.184	242128	0	4
2012.02.26	81.567	81.863	80.013	81.786	281538	0	9
2012.03.04	81.850	82.635	80.578	82.446	275151	0	9
2012.03.11	82.438	84.167	81.961	83.423	273767	0	9
2012.03.18	83.498	84.088	81.983	82.322	279953	0	9
2012.03.25	82.432	83.375	81.831	82.848	292817	0	5
2012.04.01	82.954	83.292	81.319	81.629	284785	0	5
2012.04.08	81.546	81.856	80.580	80.913	272362	0	5
2012.04.15	80.945	81.771	80.311	81.508	262590	0	5
2012.04.22	81.564	81.678	80.215	80.260	255060	0	5
2012.04.29	80.325	80.607	79.630	79.840	209210	0	5
2012.05.06	79.757	80.072	79.426	79.926	235474	0	5
2012.05.13	79.924	80.547	78.994	79.008	241035	0	5
2012.05.20	79.211	80.135	79.099	79.671	278481	0	5
2012.05.27	79.661	79.664	77.657	78.004	310413	0	5
2012.06.03	78.084	79.781	77.974	79.476	325266	0	5
2012.06.10	79.469	79.736	78.605	78.697	309836	0	5
2012.06.17	78.923	80.562	78.785	80.415	313264	0	5
2012.06.24	80.455	80.615	79.138	79.785	280813	0	5
2012.07.01	79.905	80.090	79.305	79.646	246541	0	5
2012.07.08	79.658	79.923	79.081	79.176	230064	0	5
2012.07.15	79.223	79.232	78.429	78.475	219526	0	5
2012.07.22	78.451	78.666	77.944	78.442	236959	0	5
2012.07.29	78.487	78.766	77.917	78.461	228414	0	4
2012.08.05	78.600	78.783	78.130	78.259	228829	0	5
2012.08.12	78.284	79.566	78.158	79.557	211442	0	5
2012.08.19	79.559	79.650	78.303	78.666	203734	0	5
2012.08.26	78.659	78.834	78.186	78.377	161510	0	7
2012.09.02	78.326	79.017	78.011	78.237	200437	0	5
2012.09.09	78.246	78.387	77.135	78.383	236987	0	4
2012.09.16	78.355	79.209	78.013	78.161	253412	0	5
2012.09.23	78.124	78.154	77.428	77.942	199338	0	5
2012.09.30	77.960	78.862	77.780	78.661	190203	0	5
2012.10.07	78.658	78.754	77.942	78.434	160178	0	5
2012.10.14	78.424	79.455	78.325	79.302	180986	0	5
2012.10.21	79.284	80.371	79.210	79.634	176480	0	4
2012.10.28	79.703	80.668	79.269	80.421	215557	0	4
2012.11.04	80.511	80.555	79.070	79.471	357861	0	4
2012.11.11	79.433	81.452	79.202	81.308	356669	0	5
2012.11.18	81.416	82.831	81.082	82.381	376501	0	4
2012.11.25	82.379	82.741	81.686	82.467	360270	0	4
2012.12.02	82.400	82.818	81.711	82.478	333050	0	4
2012.12.09	82.548	83.957	82.111	83.500	359772	0	4
2012.12.16	84.145	84.610	83.605	84.234	415056	0	4
2012.12.23	84.377	86.625	84.318	85.865	276008	0	4
2012.12.30	85.819	88.397	85.814	88.140	346727	0	5
2013.01.06	88.322	89.435	86.823	89.176	499985	0	5
2013.01.13	89.487	90.182	87.790	90.083	546200	0	5
2013.01.20	90.148	91.192	88.056	90.877	532529	0	5
2013.01.27	91.059	92.952	90.324	92.789	516475	0	5
2013.02.03	92.830	94.045	91.976	92.672	570117	0	5
2013.02.10	92.564	94.431	92.220	93.505	545553	0	1
2013.02.17	93.878	94.208	92.771	93.405	484617	0	3
2013.02.24	94.203	94.303	90.929	93.579	574161	0	2
2013.03.03	93.547	96.551	92.914	95.987	134716	0	1
2013.03.10	96.163	96.707	95.076	95.280	213757	0	1
2013.03.17	94.887	96.129	94.195	94.421	243867	0	1
2013.03.24	94.621	94.959	93.524	94.150	212416	0	1
2013.03.31	94.252	97.829	92.568	97.520	243862	0	1
2013.04.07	98.235	99.944	98.073	98.338	271680	0	1
2013.04.14	98.337	99.680	95.792	99.480	315454	0	5
2013.04.21	99.776	99.879	97.553	97.998	248614	0	1
2013.04.28	97.953	99.265	97.005	98.956	191998	0	1
2013.05.05	99.143	101.982	98.580	101.589	207843	0	1
2013.05.12	101.782	103.306	101.260	103.178	215747	0	1
2013.05.19	102.661	103.733	100.663	101.254	315912	0	1
2013.05.26	101.241	102.525	100.222	100.433	350449	0	1
2013.06.02	100.544	100.721	94.982	97.533	419255	0	1
2013.06.09	97.850	99.278	93.788	94.055	460444	0	1
2013.06.16	94.192	98.286	94.178	97.881	353156	0	1
2013.06.23	97.975	99.443	96.965	99.121	351717	0	1
2013.06.30	99.212	101.223	99.178	101.180	248874	0	1
2013.07.07	101.280	101.531	98.248	99.169	285751	0	1
2013.07.14	99.305	100.864	98.893	100.617	253364	0	1
2013.07.21	100.390	100.618	97.961	98.224	263116	0	1
2013.07.28	98.296	99.948	97.584	98.920	267903	0	1
2013.08.04	98.972	99.149	95.809	96.218	267145	0	1
2013.08.11	96.302	98.649	95.924	97.521	260511	0	0
2013.08.18	97.619	99.147	96.912	98.671	252123	0	1
2013.08.25	98.611	98.842	96.817	98.116	231475	0	1
2013.09.01	98.321	100.224	98.274	99.094	213873	0	1
2013.09.08	99.780	100.608	99.011	99.361	213799	0	1
2013.09.15	98.832	99.667	97.763	99.284	193476	0	1
2013.09.22	99.272	99.357	98.094	98.220	181597	0	1
2013.09.29	97.790	98.726	96.931	97.457	225625	0	1
2013.10.06	97.288	98.594	96.567	98.556	212044	0	1
2013.10.13	98.233	99.003	97.557	97.734	179495	0	1
2013.10.20	97.951	98.482	96.944	97.408	149736	0	1
2013.10.27	97.523	98.849	97.445	98.597	148355	0	1
2013.11.03	98.689	99.408	97.633	99.044	148250	0	1
2013.11.10	99.171	100.433	98.925	100.169	160189	0	1
2013.11.17	100.270	101.353	99.571	101.273	169868	0	1
2013.11.24	101.273	102.612	101.139	102.405	147035	0	1
2013.12.01	102.499	103.378	101.624	102.893	199546	0	1
2013.12.08	103.137	103.921	102.156	103.186	184056	0	1
2013.12.15	103.155	104.635	102.502	104.008	172262	0	1
2013.12.22	104.050	105.182	103.773	105.147	81839	0	1
2013.12.29	105.304	105.440	104.075	104.844	112080	0	1
2014.01.05	104.845	105.334	103.828	104.154	183654	0	1
2014.01.12	104.079	104.921	102.854	104.239	173302	0	1
2014.01.19	104.298	104.840	102.001	102.257	196463	0	1
2014.01.26	102.069	103.441	101.842	101.932	232397	0	1
2014.02.02	102.142	102.578	100.755	102.323	251307	0	1
2014.02.09	102.609	102.700	101.567	101.783	155156	0	1
2014.02.16	101.724	102.827	101.385	102.482	153614	0	1
2014.02.23	102.557	102.679	101.555	101.779	166810	0	1
2014.03.02	101.480	103.759	101.199	103.248	174325	0	0
2014.03.09	103.172	103.426	101.207	101.345	312310	0	0
2014.03.16	101.351	102.681	101.277	102.270	278533	0	0
2014.03.23	102.222	102.978	101.718	102.820	261162	0	0
2014.03.30	102.885	104.127	102.793	103.263	251317	0	0
2014.04.06	103.341	103.389	101.324	101.622	312937	0	1
2014.04.13	101.607	102.570	101.416	102.399	151397	0	1
2014.04.20	102.436	102.723	101.961	102.175	131342	0	1
2014.04.27	102.135	103.018	102.027	102.178	157799	0	0
2014.05.04	102.254	102.254	101.429	101.856	170224	0	0
2014.05.11	101.839	102.362	101.313	101.499	151183	0	0
2014.05.18	101.510	102.000	100.821	101.961	212650	0	0
2014.05.25	101.971	102.134	101.424	101.746	121829	0	0
2014.06.01	101.811	102.794	101.748	102.466	182018	0	0
2014.06.08	102.553	102.648	101.600	102.031	173016	0	0
2014.06.15	102.016	102.345	101.720	102.068	162253	0	1
2014.06.22	102.065	102.165	101.312	101.373	135963	0	0
2014.06.29	101.429	102.266	101.233	102.061	152255	0	1
2014.07.06	102.067	102.197	101.065	101.339	195354	0	1
2014.07.13	101.335	101.788	101.084	101.343	177878	0	1
2014.07.20	101.332	101.934	101.191	101.708	174227	0	1
2014.07.27	101.789	103.079	101.744	102.552	219936	0	1
2014.08.03	102.573	102.920	101.505	102.020	218061	0	10
2014.08.10	102.106	102.712	102.018	102.350	158832	0	10
2014.08.17	102.366	104.189	102.241	103.938	166084	0	2
2014.08.24	104.191	104.268	103.551	104.084	160111	0	1
2014.08.31	104.144	105.706	104.096	105.091	176915	0	1
2014.09.07	105.137	107.393	104.992	107.315	281004	0	1
2014.09.14	107.287	109.460	106.810	109.022	239876	0	1
2014.09.21	109.024	109.536	108.253	109.284	323638	0	1
2014.09.28	109.343	110.088	108.008	109.758	309684	0	1
2014.10.05	109.752	109.850	107.529	107.647	356742	0	1
2014.10.12	107.531	107.575	105.197	106.874	421551	0	1
2014.10.19	107.044	108.347	106.245	108.147	325464	0	3
2014.10.26	108.175	112.469	107.601	112.315	361427	0	1
2014.11.02	112.939	115.602	112.567	114.589	532506	0	1
2014.11.09	114.459	116.791	113.851	116.252	488685	0	1
2014.11.16	116.604	118.974	115.450	117.775	376785	0	1
2014.11.23	117.868	118.766	117.232	118.584	270449	23056830000	1
2014.11.30	118.741	121.681	117.860	121.462	299151	0	1
2014.12.07	121.566	121.843	117.435	118.743	369326	463549877000	1
2014.12.14	118.586	119.623	115.564	119.504	376244	475889449000	0
2014.12.21	119.525	120.822	119.312	120.332	608953	1102697233000	0
2014.12.28	120.341	120.741	118.862	120.419	195519	268768471000	0
2015.01.04	120.363	120.643	118.053	118.376	431540	529429904000	0
2015.01.11	118.317	119.317	115.850	117.614	1384074	2380523551000	0
2015.01.18	117.476	118.858	116.916	117.733	291670	0	6
2015.01.25	117.506	118.651	117.250	117.470	285623	14000000	2
2015.02.01	116.930	119.218	116.872	119.098	358108	0	1
2015.02.08	119.021	120.471	118.329	118.652	352003	0	6
2015.02.15	118.443	119.413	118.233	118.993	320374	0	1
2015.02.22	119.097	119.817	118.624	119.622	296413	0	6
2015.03.01	119.698	121.275	119.381	120.835	295993	0	6
2015.03.08	120.803	122.021	120.609	121.367	359424	0	2
2015.03.15	121.375	121.515	119.293	120.014	339399	0	1
2015.03.22	119.838	120.159	118.324	119.128	334536	0	6
2015.03.29	119.128	120.360	118.716	118.939	277093	0	5
2015.04.05	118.939	120.736	118.797	120.184	267781	0	2
2015.04.12	120.184	120.841	118.566	118.931	327300	0	4
2015.04.19	118.931	120.089	118.526	118.992	371383	0	4
2015.04.26	118.877	120.287	118.492	120.114	380255	0	6
2015.05.03	120.232	120.501	119.057	119.729	134555	0	2
2015.05.10	119.674	120.271	118.886	119.379	307788	0	4
2015.05.17	119.269	121.565	119.252	121.543	364374	0	6
2015.05.24	121.485	124.448	121.439	124.112	422447	0	6
2015.05.31	124.096	125.853	123.747	125.570	510017	0	2
2015.06.07	125.586	125.675	122.456	123.417	682320	0	6
2015.06.14	123.163	124.435	122.471	122.674	498795	0	6
2015.06.21	122.927	124.372	122.556	123.837	487270	0	7
2015.06.28	122.741	123.719	121.935	122.870	580998	0	4
2015.07.05	121.985	122.926	120.408	122.751	772406	0	6
2015.07.12	122.305	124.227	122.305	124.047	546521	0	6
2015.07.19	124.029	124.471	123.566	123.821	512497	310068460000	8
2015.07.26	123.753	124.577	123.006	123.850	670647	935580792000	3
2015.08.02	123.866	125.064	123.797	124.203	612950	833358347000	4
2015.08.09	124.145	125.276	123.788	124.313	490445	619677647000	4
2015.08.16	124.213	124.571	121.811	122.049	669613	876894292000	9
2015.08.23	121.863	122.021	116.131	121.712	1171855	1064112434000	3
2015.08.30	121.635	121.635	118.591	119.017	859024	979460451000	8
2015.09.06	118.892	121.326	118.795	120.568	859938	977439694000	9
2015.09.13	120.490	120.989	119.051	119.962	814192	1042578516000	9
2015.09.20	120.114	121.230	119.222	120.577	880330	1133030373000	9
2015.09.27	120.496	120.588	118.676	119.903	908274	1115292176000	4
2015.10.04	119.985	120.564	119.621	120.211	735980	1026729756000	8
2015.10.11	120.163	120.260	118.058	119.459	587465	812099606000	9
2015.10.18	119.377	121.481	119.135	121.439	661864	938468264000	0
2015.10.25	121.468	121.485	120.019	120.603	669295	893140312000	0
2015.11.01	120.385	123.264	120.252	123.218	614470	830311344000	0
2015.11.08	123.256	123.601	122.435	122.606	613869	835408540000	0
2015.11.15	122.238	123.751	122.221	122.783	619161	853827230000	0
2015.11.22	122.821	123.255	122.254	122.709	527294	731648545000	9
2015.11.29	122.810	123.667	122.294	123.099	619168	879767343000	0
2015.12.06	123.208	123.473	120.576	120.959	658730	811827495000	0
2015.12.13	121.102	123.559	120.339	121.126	777878	807608311000	0
2015.12.20	121.212	121.500	120.247	120.320	378260	392946890000	0
2015.12.27	120.103	120.650	119.999	120.207	278455	280263225000	0
2016.01.03	120.196	120.462	117.223	117.229	882709	838163988000	0
2016.01.10	117.097	118.376	116.505	116.997	926401	917310406000	4
2016.01.17	116.650	118.876	115.970	118.769	971804	993024040000	0
2016.01.24	118.637	121.686	117.651	121.119	937958	1046882869000	0
2016.01.31	121.314	121.482	116.290	116.819	992394	952432028000	9
2016.02.07	116.783	117.520	110.979	113.209	1241088	1094677470000	0
2016.02.14	113.357	114.871	112.301	112.531	911834	837013679000	0
2016.02.21	112.572	113.988	111.039	113.984	867727	979435408000	0
2016.02.28	113.947	114.550	112.153	113.769	856325	952393276000	0
2016.03.06	113.922	114.443	112.223	113.795	753481	813019022000	0
2016.03.13	113.912	114.143	110.664	111.520	683700	772366118000	0
2016.03.20	111.524	113.319	111.215	113.048	519885	543139952000	0
2016.03.27	113.156	113.799	111.583	111.610	628986	910578454000	0
2016.04.03	111.585	111.792	107.665	108.022	785377	1079564367000	0
2016.04.10	107.965	109.729	107.625	108.728	667860	957697312000	0
2016.04.17	108.199	111.802	107.832	111.748	677401	816850541000	0
2016.04.24	111.853	111.880	106.274	106.334	707739	799050459000	0
2016.05.01	106.223	107.495	105.545	107.074	687668	886567363000	0
2016.05.08	107.070	109.550	107.068	108.607	655392	901732168000	0
2016.05.15	108.605	110.584	108.460	110.102	624284	803373257000	0
2016.05.22	110.103	110.443	109.106	110.242	584570	751735142000	0
2016.05.29	110.419	111.445	106.505	106.532	715790	973727056000	0
2016.06.05	106.543	107.898	106.249	106.912	744408	1046404064000	0
2016.06.12	106.793	106.852	103.547	104.042	932793	1250525737000	0
2016.06.19	104.099	106.805	98.935	102.195	855192	1176419512000	0
2016.06.26	101.495	103.391	101.395	102.529	867487	1120616225000	0
2016.07.03	102.617	102.801	99.988	100.401	725036	982173607000	0
2016.07.10	100.602	106.311	100.511	104.808	915062	1310749883000	0
2016.07.17	105.336	107.488	105.268	106.025	755255	1200398399000	0
2016.07.24	106.106	106.719	101.968	102.040	807520	1033800909000	0
2016.07.31	102.212	102.828	100.675	101.800	655802	714953298000	0
2016.08.07	101.928	102.651	100.829	101.283	551884	664986674000	0
2016.08.14	101.113	101.450	99.536	100.217	635398	726258874000	0
2016.08.21	100.681	101.939	99.937	101.739	579454	662551051000	0
2016.08.28	102.070	104.316	101.744	103.746	627276	657189572000	0
2016.09.04	104.065	104.132	101.193	102.562	671217	674046288000	0
2016.09.11	102.550	103.353	101.417	102.232	704458	754389238000	0
2016.09.18	102.112	102.780	100.094	100.865	659401	654405807000	0
2016.09.25	100.924	101.835	100.081	101.322	694892	732006466000	0
2016.10.02	101.208	104.157	101.125	102.876	688391	647600761000	0
2016.10.09	103.230	104.630	102.805	104.046	657263	579236730000	0
2016.10.16	104.315	104.366	103.161	103.689	546655	483651614000	0
2016.10.23	103.816	105.528	103.717	104.725	604713	501098546000	0
2016.10.30	104.563	105.229	102.544	103.093	736688	628749455000	0
2016.11.06	103.963	106.942	101.186	106.620	1070430	926661166000	0
2016.11.13	106.842	110.948	106.728	110.867	975642	839857089000	0
2016.11.20	112.004	113.895	110.264	113.213	885654	671447725000	0
2016.11.27	112.796	114.821	111.353	113.439	931291	625351890000	0
2016.12.04	113.195	115.363	112.859	115.219	725692	427918450000	0
2016.12.11	115.375	118.659	114.731	117.776	848278	533749366000	0
2016.12.18	117.936	118.238	116.543	117.198	659771	509878255000	0
2016.12.25	117.034	117.809	116.037	116.814	556752	458988281000	0
2017.01.01	116.780	118.602	115.065	116.942	802989	615677389000	0
2017.01.08	116.993	117.528	113.750	114.338	979071	695087133000	0
2017.01.15	114.221	115.616	112.566	114.464	954231	761636516000	0
2017.01.22	114.313	115.372	112.519	115.028	951409	920213374000	0
2017.01.29	114.761	114.946	112.048	112.443	937044	951859267000	0
2017.02.05	112.384	113.854	111.588	113.065	798258	812412792000	0
2017.02.12	113.513	114.953	112.614	112.697	742395	758421734000	0
2017.02.19	112.886	113.773	111.931	112.006	662996	641793466000	0
2017.02.26	112.120	114.745	111.685	113.886	756682	702025373000	0
2017.03.05	113.879	115.500	113.555	114.717	713795	708181258000	0
2017.03.12	114.764	115.191	112.560	112.702	694801	681731715000	0
2017.03.19	112.639	112.894	110.623	111.217	791787	770008897000	0
2017.03.26	110.919	112.193	110.106	111.264	736316	716485243000	0
2017.04.02	111.355	111.584	110.126	110.971	762057	734189184000	0
2017.04.09	111.016	111.576	108.542	108.542	648303	634875501000	0
2017.04.16	108.738	109.484	108.129	108.979	630043	637562207000	0
2017.04.23	110.489	111.774	109.590	111.528	698236	686090504000	0
2017.04.30	111.207	113.044	111.202	112.598	551827	563379661000	0
2017.05.07	112.938	114.365	112.393	113.323	587044	604719375000	0
2017.05.14	113.161	113.852	110.231	111.228	740603	747316444000	0
2017.05.21	111.022	112.125	110.855	111.253	620921	635340647000	0
2017.05.28	111.210	111.706	110.326	110.351	547990	552453075000	0
2017.06.04	110.343	110.808	109.111	110.304	503874	0	9
2017.06.11	110.284	111.414	108.805	110.824	505378	0	9
2017.06.18	110.842	111.783	110.719	111.226	435640	0	9
2017.06.25	111.118	112.922	111.118	112.361	550974	0	9
2017.07.02	112.112	114.175	112.112	113.859	525219	0	9
2017.07.09	113.909	114.490	112.256	112.528	512016	0	9
2017.07.16	112.461	112.863	111.008	111.122	555242	0	9
2017.07.23	111.097	112.196	110.544	110.640	657237	0	9
2017.07.30	110.614	111.046	109.840	110.675	667225	0	9
2017.08.06	110.708	110.916	108.724	109.163	576890	0	9
2017.08.13	109.142	110.945	108.600	109.144	693664	0	9
2017.08.20	109.331	109.840	108.632	109.348	539442	0	9
2017.08.27	109.199	110.667	108.264	110.247	579709	0	9
2017.09.03	109.573	109.930	107.314	107.834	596090	0	9
2017.09.10	108.139	111.334	108.134	110.837	549576	1867893000	0
2017.09.17	111.045	112.717	110.994	111.963	570536	0	0
2017.09.24	112.218	113.256	111.472	112.445	621535	0	0
2017.10.01	112.505	113.439	112.322	112.599	488810	0	0
2017.10.08	112.555	112.827	111.686	111.799	434509	0	0
2017.10.15	111.782	113.568	111.653	113.495	473021	0	0
2017.10.22	113.868	114.451	113.243	113.666	574112	0	0
2017.10.29	113.718	114.426	112.955	114.045	504963	0	0
2017.11.05	113.968	114.734	113.091	113.516	535438	0	0
2017.11.12	113.485	113.909	111.944	112.082	502346	0	0
2017.11.19	112.097	112.718	111.067	111.490	435254	0	0
2017.11.26	111.515	112.873	110.841	112.144	556590	0	0
2017.12.03	112.739	113.589	111.990	113.473	668805	0	0
2017.12.10	113.530	113.750	112.031	112.616	570943	0	0
2017.12.17	112.712	113.636	112.296	113.285	545010	0	0
2017.12.24	113.272	113.377	112.472	112.695	415530	0	2
2017.12.31	112.503	113.303	112.055	113.062	417146	0	2
2018.01.07	113.137	113.386	110.912	111.053	711891	0	1
2018.01.14	111.070	111.481	110.190	110.827	833025	0	1
2018.01.21	110.552	111.223	108.282	108.583	980528	0	1
2018.01.28	108.693	110.482	108.412	110.171	1007682	0	1
2018.02.04	110.171	110.289	108.044	108.796	1618747	0	1
2018.02.11	108.852	108.888	105.545	106.254	1117982	0	1
2018.02.18	106.320	107.904	106.092	106.880	767519	0	1
2018.02.25	107.092	107.673	105.248	105.730	889070	0	1
2018.03.04	105.489	107.046	105.350	106.806	813548	0	1
2018.03.11	106.753	107.292	105.601	105.983	709031	0	0
2018.03.18	105.960	106.637	104.638	104.734	893561	0	1
2018.03.25	104.651	107.010	104.628	106.279	751469	0	1
2018.04.01	106.165	107.491	105.656	106.944	546483	0	1
2018.04.08	106.935	107.777	106.616	107.372	394343	0	1
2018.04.15	107.451	107.856	106.880	107.655	300510	0	1
2018.04.22	107.761	109.536	107.657	109.051	370198	0	1
2018.04.29	109.051	110.034	108.645	109.072	363165	0	1
2018.05.06	109.102	110.018	108.757	109.386	344624	0	1
2018.05.13	109.328	111.079	109.207	110.759	362796	0	1
2018.05.20	110.864	111.395	108.952	109.382	426363	0	1
2018.05.27	109.727	109.831	108.111	109.529	568926	0	0
2018.06.03	109.420	110.264	109.197	109.543	344159	0	0
2018.06.10	109.292	110.903	109.292	110.659	360494	0	1
2018.06.17	110.683	110.756	109.549	109.974	371354	0	1
2018.06.24	109.855	110.943	109.366	110.756	425546	0	1
2018.07.01	110.585	111.132	110.275	110.460	458238	0	1
2018.07.08	110.379	112.800	110.348	112.337	379698	0	1
2018.07.15	112.199	113.167	111.381	111.444	424288	0	0
2018.07.22	111.364	111.540	110.584	111.007	373600	0	4
2018.07.29	110.930	112.147	110.743	111.267	331245	0	3
2018.08.05	111.214	111.522	110.507	110.806	265176	0	4
2018.08.12	110.422	111.427	110.107	110.489	352531	0	3
2018.08.19	110.579	111.484	109.770	111.234	277276	0	3
2018.08.26	111.306	111.823	110.681	111.089	272018	0	3
2018.09.02	111.051	111.754	110.376	111.039	305866	0	3
2018.09.09	111.028	112.165	110.846	112.054	241656	0	3
2018.09.16	112.013	112.870	111.660	112.512	278565	0	3
2018.09.23	112.426	113.703	112.411	113.671	258782	0	4
2018.09.30	113.696	114.546	113.517	113.687	311015	0	4
2018.10.07	113.780	113.938	111.828	112.181	470698	0	3
2018.10.14	112.129	112.725	111.622	112.527	421845	0	3
2018.10.21	112.574	112.882	111.374	111.877	549071	0	3
2018.10.28	111.890	113.380	111.771	113.187	446099	0	3
2018.11.04	113.127	114.083	112.942	113.790	318307	0	3
2018.11.11	113.797	114.203	112.638	112.809	380803	0	4
2018.11.18	112.762	113.197	112.300	112.935	311030	0	4
2018.11.25	112.909	114.033	112.873	113.471	270475	0	3
2018.12.02	113.689	113.817	112.227	112.680	359546	0	3
2018.12.09	112.573	113.704	112.237	113.379	403658	0	3
2018.12.16	113.334	113.517	110.808	111.201	526924	0	4
2018.12.23	111.195	111.405	110.140	110.285	441828	0	3
2018.12.30	110.256	110.471	104.720	108.504	455735	0	3
2019.01.06	108.489	109.083	107.768	108.539	419913	0	3
2019.01.13	108.506	109.887	107.982	109.767	358229	0	4
2019.01.20	109.672	109.995	109.142	109.541	344477	0	5
2019.01.27	109.537	109.740	108.492	109.483	345702	0	4
2019.02.03	109.509	110.158	109.428	109.759	298094	0	3
2019.02.10	109.729	111.124	109.729	110.434	294561	0	3
2019.02.17	110.435	110.946	110.435	110.654	277363	0	5
2019.02.24	110.642	112.072	110.350	111.922	278941	0	4
2019.03.03	111.852	112.132	110.767	111.152	280867	0	4
2019.03.10	111.145	111.897	110.874	111.450	283182	0	4
2019.03.17	111.471	111.691	109.737	109.928	306138	0	1
2019.03.24	110.000	110.945	109.704	110.810	397431	0	3
2019.03.31	110.994	111.819	110.804	111.700	264794	0	3
2019.04.07	111.627	112.088	110.839	112.003	234280	0	3
2019.04.14	111.961	112.161	111.760	111.905	238945	0	3
2019.04.21	111.905	112.396	111.364	111.558	224756	0	3
2019.04.28	111.525	111.894	111.046	111.091	217860	0	3
2019.05.05	110.621	110.955	109.467	109.963	368787	0	4
2019.05.12	109.755	110.190	109.016	110.039	340005	0	3
2019.05.19	110.101	110.668	109.269	109.286	309191	0	4
2019.05.26	109.319	109.922	108.274	108.276	341764	0	2
2019.06.02	108.270	108.613	107.811	108.192	376037	0	3
2019.06.09	108.468	108.797	108.155	108.539	301308	0	3
2019.06.16	108.490	108.719	107.044	107.326	372814	0	3
2019.06.23	107.302	108.157	106.774	107.917	328025	0	3
2019.06.30	107.914	108.634	107.529	108.457	253393	0	3
2019.07.07	108.425	108.989	107.800	107.888	184053	0	3
2019.07.14	107.846	108.375	107.209	107.694	221055	0	3
2019.07.21	107.766	108.827	107.698	108.654	206313	0	3
2019.07.28	108.619	109.317	106.507	106.597	344719	0	3
2019.08.04	106.572	107.088	105.267	105.649	522193	0	3
2019.08.11	105.544	106.973	105.047	106.369	436890	0	2
2019.08.18	106.276	106.732	105.254	105.411	331725	0	3
2019.08.25	104.996	106.680	104.449	106.253	504508	0	2
2019.09.01	106.027	107.228	105.735	106.902	386141	0	2
2019.09.08	106.796	108.258	106.759	108.073	316410	0	2
2019.09.15	108.066	108.475	107.494	107.554	291180	0	2
2019.09.22	107.715	108.178	106.959	107.929	296118	0	2
2019.09.29	107.956	108.468	106.480	106.900	298112	0	2
2019.10.06	106.670	108.628	106.651	108.420	331941	0	2
2019.10.13	108.339	108.937	108.028	108.378	274000	0	2
2019.10.20	108.391	108.772	108.247	108.665	203983	0	2
2019.10.27	108.708	109.285	107.884	108.169	189651	0	2
2019.11.03	108.212	109.486	108.162	109.220	205011	0	2
2019.11.10	109.230	109.291	108.232	108.771	179772	0	2
2019.11.17	108.786	109.070	108.275	108.639	217644	0	2
2019.11.24	108.626	109.669	108.596	109.487	161825	0	2
2019.12.01	109.517	109.726	108.426	108.565	210109	0	2
2019.12.08	108.626	109.706	108.429	109.346	203170	0	2
2019.12.15	109.302	109.685	109.180	109.447	136504	0	2
2019.12.22	109.428	109.682	109.325	109.458	92601	0	2
2019.12.29	109.385	109.484	107.842	108.113	128386	0	1
2020.01.05	107.898	109.689	107.652	109.506	202932	0	1
2020.01.12	109.534	110.290	109.506	110.167	128333	0	1
2020.01.19	110.106	110.222	109.171	109.283	150916	0	1
2020.01.26	108.954	109.269	108.311	108.353	231310	0	1
2020.02.02	108.410	110.022	108.315	109.780	211056	0	1
2020.02.09	109.686	110.133	109.560	109.780	171531	0	1
2020.02.16	109.797	112.223	109.656	111.571	223551	0	1
2020.02.23	111.387	111.682	107.508	108.061	521604	0	1
2020.03.01	107.617	108.576	104.993	105.349	507433	0	1
2020.03.08	104.306	108.497	101.180	107.999	646436	0	1
2020.03.15	107.042	111.505	105.142	110.855	795946	0	1
2020.03.22	110.784	111.712	107.760	107.976	407081	0	1
2020.03.29	107.680	108.724	106.920	108.457	288971	0	1
2020.04.05	108.363	109.379	108.207	108.385	224716	0	1
2020.04.12	108.422	108.525	106.928	107.552	200760	0	1
2020.04.19	107.412	108.041	107.282	107.488	179105	0	1
2020.04.26	107.579	107.621	106.357	106.915	174378	0	1
2020.05.03	106.773	107.068	105.986	106.682	151697	0	1
2020.05.10	106.537	107.768	106.488	107.167	153831	0	1
2020.05.17	107.085	108.087	107.068	107.610	130339	0	1
2020.05.24	107.609	107.946	107.084	107.789	139346	0	1
2020.05.31	107.681	109.850	107.382	109.592	165854	0	1
2020.06.07	109.615	109.693	106.576	107.352	192164	0	1
2020.06.14	107.309	107.639	106.669	106.873	156914	0	1
2020.06.21	106.776	107.453	106.073	107.222	153553	0	1
2020.06.28	107.102	108.163	107.041	107.490	125272	0	1
2020.07.05	107.466	107.790	106.650	106.918	113695	0	1
2020.07.12	106.884	107.427	106.666	107.023	112119	0	1
2020.07.19	107.075	107.528	105.683	106.124	123418	0	1
2020.07.26	106.030	106.107	104.188	105.931	180080	0	1
2020.08.02	105.771	106.472	105.301	105.916	174116	0	1
2020.08.09	105.869	107.048	105.708	106.570	154802	0	1
2020.08.16	106.562	106.655	105.103	105.818	176455	0	1
2020.08.23	105.768	106.946	105.202	105.345	175164	0	1
2020.08.30	105.330	106.550	105.295	106.241	169094	0	1
2020.09.06	106.258	106.386	105.794	106.145	147530	0	1
2020.09.13	106.097	106.165	104.273	104.564	128952	0	1
2020.09.20	104.494	105.699	104.001	105.553	139911	0	1
2020.09.27	105.490	105.804	104.944	105.331	154962	0	1
2020.10.04	105.275	106.108	105.253	105.628	136826	0	1
2020.10.11	105.756	105.782	105.036	105.405	129315	0	1
2020.10.18	105.374	105.747	104.341	104.715	126802	0	1
2020.10.25	104.666	105.055	104.026	104.671	132144	0	1
2020.11.01	104.535	105.342	103.178	103.367	197693	0	1
2020.11.08	103.319	105.676	103.191	104.618	182953	0	1
2020.11.15	104.708	105.134	103.654	103.834	143365	0	1
2020.11.22	103.792	104.761	103.684	104.096	137041	0	1
2020.11.29	104.052	104.752	103.674	104.186	156163	0	1
2020.12.06	104.132	104.579	103.826	104.024	148499	0	1
2020.12.13	103.940	104.152	102.874	103.311	147432	0	1
2020.12.20	103.515	103.890	103.253	103.540	129141	0	1
2020.12.27	103.519	103.898	102.963	103.292	106290	0	1
2021.01.03	103.198	104.092	102.596	103.967	187591	0	1
2021.01.10	103.889	104.399	103.525	103.869	155190	0	1
2021.01.17	103.819	104.086	103.328	103.768	125978	0	1
2021.01.24	103.785	104.940	103.555	104.726	116184	0	1
2021.01.31	104.771	105.767	104.609	105.382	103209	0	1
2021.02.07	105.326	105.671	104.412	104.926	101350	0	1
2021.02.14	104.910	106.223	104.904	105.420	115423	0	1
2021.02.21	105.383	106.692	104.921	106.549	158603	0	1
2021.02.28	106.515	108.645	106.367	108.385	135928	0	1
2021.03.07	108.331	109.233	108.272	109.027	135689	0	1
2021.03.14	109.010	109.361	108.610	108.880	130659	0	1
2021.03.21	108.624	109.847	108.406	109.676	112774	0	1
2021.03.28	109.710	110.966	109.374	110.612	107482	0	1
2021.04.04	110.630	110.750	109.001	109.657	114076	0	1
2021.04.11	109.687	109.770	108.611	108.793	113800	0	1
2021.04.18	108.767	108.834	107.478	107.880	114864	0	1
2021.04.25	107.939	109.342	107.644	109.331	116149	0	1
2021.05.02	109.264	109.697	108.344	108.606	118084	0	1
2021.05.09	108.556	109.785	108.349	109.367	132546	0	1
2021.05.16	109.271	109.502	108.572	108.947	114863	0	1
2021.05.23	108.899	110.199	108.559	109.872	112683	0	1
2021.05.30	109.812	110.329	109.331	109.525	98413	0	1
2021.06.06	109.524	109.842	109.191	109.683	96261	0	1
2021.06.13	109.651	110.822	109.612	110.215	115488	0	1
2021.06.20	110.210	111.116	109.717	110.782	112868	0	1
2021.06.27	110.784	111.659	110.420	111.023	105672	0	1
2021.07.04	110.994	111.189	109.533	110.100	125401	0	1
2021.07.11	110.093	110.699	109.715	110.084	120501	0	1
2021.07.18	110.015	110.592	109.065	110.549	140829	0	1
2021.07.25	110.456	110.584	109.362	109.662	133592	0	1
2021.08.01	109.672	110.353	108.722	110.223	122119	0	1
2021.08.08	110.237	110.800	109.546	109.598	103769	0	1
2021.08.15	109.605	110.226	109.115	109.799	136510	0	1
2021.08.22	109.696	110.266	109.413	109.854	124396	0	1
2021.08.29	109.862	110.419	109.587	109.715	124769	0	1
2021.09.05	109.705	110.447	109.621	109.905	122281	0	1
2021.09.12	109.885	110.161	109.113	109.974	121412	0	1
2021.09.19	109.887	110.793	109.121	110.739	142353	0	1
2021.09.26	110.714	112.079	110.535	111.069	174319	0	1
2021.10.03	110.909	112.252	110.822	112.227	247649	0	2
2021.10.10	112.128	114.464	112.125	114.252	235722	0	2
2021.10.17	114.172	114.699	113.413	113.489	245662	0	2
2021.10.24	113.552	114.312	113.256	113.965	242818	0	2
2021.10.31	114.047	114.442	113.300	113.392	266944	0	2
2021.11.07	113.378	114.300	112.725	113.923	230066	0	2
2021.11.14	113.952	114.969	113.586	114.019	215979	0	2
2021.11.21	113.934	115.519	113.051	113.323	253267	0	2
2021.11.28	113.521	113.955	112.532	112.832	314814	0	2
2021.12.05	112.846	113.954	112.845	113.388	216302	0	2
2021.12.12	113.330	114.273	113.140	113.706	209375	0	2
2021.12.19	113.570	114.512	113.327	114.340	144668	0	2
2021.12.26	114.337	115.206	114.310	115.097	106424	0	2
2022.01.02	115.034	116.347	114.949	115.554	170069	0	2
2022.01.09	115.580	115.850	113.484	114.203	189586	0	2
2022.01.16	114.142	115.057	113.603	113.693	204844	0	2
2022.01.23	113.657	115.684	113.470	115.240	225344	0	2
2022.01.30	115.277	115.591	114.157	115.187	172729	0	2
2022.02.06	115.266	116.336	114.913	115.437	195997	0	2
2022.02.13	115.371	115.872	114.789	115.039	215054	0	2
2022.02.20	115.033	115.760	114.408	115.531	277227	0	2
2022.02.27	115.463	115.805	114.650	114.858	260188	0	2
2022.03.06	114.916	117.355	114.826	117.297	191396	0	2
2022.03.13	117.365	119.398	117.309	119.154	157924	0	2
2022.03.20	119.099	122.435	119.060	122.090	211253	0	2
2022.03.27	122.045	125.095	121.280	122.556	363321	0	2
2022.04.03	122.630	124.676	122.263	124.286	242189	0	2
2022.04.10	124.043	126.679	124.037	126.357	281128	0	2
2022.04.17	126.373	129.404	126.240	128.542	344212	0	2
2022.04.24	128.542	131.253	126.943	129.868	387952	0	2
2022.05.01	129.747	130.806	128.634	130.558	317277	0	2
2022.05.08	130.514	131.346	127.517	129.260	386050	0	2
2022.05.15	129.245	129.780	127.026	127.929	328020	0	2
2022.05.22	127.852	128.086	126.362	127.121	312051	0	2
2022.05.29	127.014	130.980	126.861	130.817	285983	0	2
2022.06.05	130.829	134.557	130.431	134.364	368781	0	2
2022.06.12	134.320	135.585	131.492	134.948	529067	0	2
2022.06.19	134.929	136.712	134.263	135.193	433182	0	2
2022.06.26	135.060	137.002	134.521	135.262	427801	0	2
2022.07.03	135.245	136.565	134.784	136.113	392232	0	2
2022.07.10	136.029	139.390	135.987	138.538	391046	0	2
2022.07.17	138.538	138.876	135.569	136.163	338708	0	2
2022.07.24	136.134	137.461	132.504	133.227	354031	0	2
2022.07.31	133.257	135.497	130.401	134.986	431429	0	2
2022.08.07	135.022	135.576	131.738	133.489	347380	0	2
2022.08.14	133.391	137.230	132.556	136.880	333025	0	2
2022.08.21	136.847	137.709	135.808	137.504	327657	0	2
2022.08.28	137.594	140.798	137.533	140.223	336942	0	2
2022.09.04	140.144	144.988	140.097	142.632	407027	0	2
2022.09.11	142.128	144.953	141.596	142.958	442874	0	2
2022.09.18	142.919	145.898	140.350	143.334	445838	0	2
2022.09.25	143.627	144.903	143.185	144.796	467897	0	2
2022.10.02	144.665	145.439	143.527	145.385	384715	0	2
2022.10.09	145.318	148.860	145.234	148.749	575777	0	2
2022.10.16	148.590	151.940	146.153	147.637	621485	0	2
2022.10.23	147.610	149.705	145.102	147.477	797746	0	2
2022.10.30	147.545	148.849	145.669	146.650	689625	0	2
2022.11.06	146.985	147.566	138.465	138.770	758512	0	2
2022.11.13	139.128	140.801	137.672	140.376	763956	0	2
2022.11.20	140.311	142.251	138.043	139.133	566869	0	2
2022.11.27	139.293	139.895	133.620	134.316	857165	0	2
2022.12.04	134.514	137.855	134.131	136.573	741402	0	2
2022.12.11	136.533	138.176	134.505	136.724	718299	0	2
2022.12.18	136.020	137.475	130.567	132.798	716080	0	2
2022.12.25	132.854	134.500	130.773	131.111	403865	0	2
2023.01.01	130.846	134.774	129.512	132.138	670455	0	2
2023.01.08	131.912	132.870	127.457	127.858	783261	0	2
2023.01.15	127.744	131.576	127.216	129.588	805097	0	2
2023.01.22	129.479	131.115	129.022	129.831	594328	0	2
2023.01.29	129.636	131.203	128.082	131.182	639655	0	2
2023.02.05	132.200	132.907	129.804	131.376	696427	0	2
2023.02.12	131.346	135.118	131.346	134.148	642180	0	2
2023.02.19	134.206	136.517	133.921	136.484	557337	0	2
2023.02.26	136.488	137.097	135.256	135.828	553677	0	2
2023.03.05	135.940	137.913	134.111	135.066	601166	0	2
2023.03.12	134.412	135.110	131.555	131.816	1013523	0	2
2023.03.19	131.849	133.001	129.638	130.723	738053	0	2
2023.03.26	130.514	133.593	130.404	132.816	520555	0	2
2023.04.02	133.253	133.754	130.625	132.168	451813	0	2
2023.04.09	132.127	134.046	131.829	133.744	435206	0	2
2023.04.16	133.797	135.131	133.547	134.127	411271	0	2
2023.04.23	134.011	136.560	133.014	136.280	463797	0	2
2023.04.30	136.187	137.771	133.497	134.830	491506	0	2
2023.05.07	134.863	135.751	133.743	135.722	443448	0	2
2023.05.14	135.638	138.745	135.636	137.963	409769	0	2
2023.05.21	137.971	140.724	137.492	140.588	469507	0	2
2023.05.28	140.570	140.930	138.428	139.964	395058	0	2
2023.06.04	139.956	140.452	138.756	139.371	359485	0	2
2023.06.11	139.298	141.911	139.010	141.887	445106	0	2
2023.06.18	141.715	143.871	141.211	143.721	413937	0	2
2023.06.25	143.558	145.070	142.936	144.298	425356	0	2
2023.07.02	144.261	144.911	142.069	142.100	374996	0	2
2023.07.09	142.134	143.004	137.241	138.793	440836	0	2
2023.07.16	138.698	141.952	137.679	141.835	420931	0	2
2023.07.23	141.647	141.811	138.067	141.166	522566	0	2
2023.07.30	140.977	143.888	140.688	141.765	498217	0	2
2023.08.06	141.661	145.001	141.513	144.942	382918	0	2
2023.08.13	144.901	146.560	144.650	145.378	409287	0	2
2023.08.20	145.378	146.635	144.537	146.441	358454	0	2
2023.08.27	146.406	147.374	144.439	146.261	399726	0	2
2023.09.03	146.167	147.873	146.020	147.798	452325	0	50
2023.09.10	146.953	147.951	145.898	147.831	569427	0	50
2023.09.17	147.698	148.457	147.320	148.365	472023	0	50
2023.09.24	148.242	149.706	148.204	149.359	472056	0	50
2023.10.01	149.591	150.158	147.282	149.286	529851	0	50
2023.10.08	149.093	149.828	148.159	149.586	644542	0	50
2023.10.15	149.347	149.993	148.776	149.856	473154	0	50
2023.10.22	149.862	150.776	149.320	149.642	458733	0	50
2023.10.29	149.481	151.707	148.802	149.387	537167	0	50
2023.11.05	149.360	151.602	149.316	151.521	473203	0	50
2023.11.12	151.437	151.907	149.196	149.637	438513	0	50
2023.11.19	149.610	149.990	147.149	149.413	518669	0	50
2023.11.26	149.446	149.673	146.659	146.830	664759	0	50
2023.12.03	146.747	147.501	141.615	144.991	615355	0	2
2023.12.10	144.944	146.588	140.966	142.167	373354	0	2
2023.12.17	142.054	144.954	141.863	142.414	473830	0	2
2023.12.24	142.280	142.844	140.248	141.022	287194	0	2
2023.12.31	140.848	145.975	140.809	144.624	413844	0	2
2024.01.07	144.524	146.413	143.419	144.897	509348	0	2
2024.01.14	144.887	148.805	144.839	148.148	530154	0	2
2024.01.21	148.143	148.696	146.647	148.126	528704	0	2
2024.01.28	148.096	148.583	145.892	148.382	600658	0	2
2024.02.04	148.331	149.573	147.629	149.262	579363	0	2
2024.02.11	149.223	150.883	148.926	150.175	568080	0	2
2024.02.18	150.140	150.769	149.682	150.532	528981	0	2
2024.02.25	150.400	150.844	149.205	150.123	582537	0	2
2024.03.03	150.034	150.567	146.481	147.082	576854	0	2
2024.03.10	146.996	149.163	146.482	149.058	503502	0	2
2024.03.17	148.997	151.861	148.907	151.406	491403	0	2
2024.03.24	151.316	151.971	151.022	151.323	343161	0	2
2024.03.31	151.259	151.953	150.807	151.624	352084	0	2
2024.04.07	151.565	153.385	151.531	153.285	380341	0	2
2024.04.14	153.054	154.786	152.955	154.640	416349	0	2
2024.04.21	154.570	158.441	154.420	158.293	340179	0	2
2024.04.28	157.847	160.213	151.858	152.864	530952	0	2
2024.05.05	152.941	155.953	152.770	155.794	354944	0	2
2024.05.12	155.693	156.779	153.596	155.705	373051	0	2
2024.05.19	155.610	157.195	155.494	156.968	332879	0	2
2024.05.26	156.912	157.706	156.370	157.261	356575	0	2
2024.06.02	157.158	157.469	154.548	156.755	531360	0	2
2024.06.09	156.696	158.256	155.718	157.387	411212	0	2
2024.06.16	157.308	159.819	157.155	159.814	227776	0	2
2024.06.23	159.739	161.282	158.748	160.883	386909	0	2
2024.06.30	160.730	161.949	160.329	160.799	421210	0	2
2024.07.07	160.729	161.804	157.369	157.880	482909	0	2
2024.07.14	158.089	158.855	155.364	157.515	628391	0	2
2024.07.21	157.380	157.612	151.937	153.760	773364	0	2
2024.07.28	153.684	155.214	146.415	146.570	1019638	0	2
2024.08.04	146.448	147.905	141.686	146.651	1146576	0	2
2024.08.11	146.648	149.366	146.069	147.598	822642	0	2
2024.08.18	147.563	148.052	144.045	144.366	823355	0	2
2024.08.25	144.180	146.246	143.444	146.202	681151	0	2
2024.09.01	146.046	147.209	141.769	142.316	743375	0	2
2024.09.08	142.272	143.791	140.279	140.877	810435	0	2
2024.09.15	140.754	144.496	139.576	143.901	811009	0	2
2024.09.22	143.868	146.488	142.067	142.264	774068	0	2
2024.09.29	142.214	149.005	141.641	148.643	792094	0	2
2024.10.06	148.657	149.549	147.343	149.132	637581	0	2
2024.10.13	149.013	150.321	148.844	149.518	474842	0	2
2024.10.20	149.455	153.185	149.083	152.323	567832	0	2
2024.10.27	153.154	153.879	151.787	152.980	608140	0	2
2024.11.03	152.311	154.708	151.280	152.608	715922	0	2
2024.11.10	152.615	156.748	152.615	154.435	579925	0	2
2024.11.17	154.352	155.886	153.277	154.782	675538	0	4
2024.11.24	154.226	154.721	149.457	149.644	650993	0	4
2024.12.01	149.620	151.228	148.643	150.022	555245	0	4
2024.12.08	149.924	153.800	149.691	153.662	510159	0	4
2024.12.15	153.591	157.927	153.158	156.453	595219	0	4
2024.12.22	156.320	158.079	156.314	157.857	299032	0	4
2024.12.29	157.703	158.067	156.018	157.309	378280	0	4
2025.01.05	157.207	158.876	156.237	157.716	468044	0	3
2025.01.12	157.699	158.192	154.972	156.248	440438	0	4
2025.01.19	156.168	156.751	154.771	155.931	448257	0	6
2025.01.26	155.672	156.244	153.709	155.178	516333	0	6
2025.02.02	154.819	155.882	150.929	151.439	504883	0	3
2025.02.09	151.320	154.797	151.191	152.346	388720	0	3
2025.02.16	152.195	152.388	148.924	149.312	394603	0	3
2025.02.23	149.216	150.984	148.565	150.570	523003	0	3
2025.03.02	150.637	151.301	146.947	148.005	658117	0	6
2025.03.09	147.882	149.189	146.541	148.594	554420	0	3
2025.03.16	148.731	150.144	148.172	149.314	397926	0	6
2025.03.23	149.326	151.204	149.322	149.850	366140	0	6
2025.03.30	149.758	150.486	144.549	146.868	615642	0	6
2025.04.06	145.373	148.275	142.062	143.547	817292	0	6
2025.04.13	143.874	144.078	141.611	142.136	505594	0	6
2025.04.20	142.021	144.028	139.883	143.722	434469	0	6
2025.04.27	143.531	145.922	141.967	144.845	378678	0	6
2025.05.04	144.676	146.183	142.353	145.362	363660	0	6
2025.05.11	146.086	148.646	144.917	145.615	432709	0	6
2025.05.18	145.308	145.509	142.419	142.555	440144	0	6
2025.05.25	142.434	146.278	142.111	144.047	383675	0	6
2025.06.01	143.791	145.086	142.373	144.860	393130	0	6
2025.06.08	144.825	145.463	142.791	144.117	374601	0	6
2025.06.15	143.962	146.209	143.648	146.080	363123	0	6
2025.06.22	146.654	148.025	143.748	144.654	393582	0	6
2025.06.29	144.307	145.234	142.676	144.520	382358	0	6
2025.07.06	144.377	147.518	144.222	147.406	359883	0	6
2025.07.13	147.131	149.181	146.845	148.827	350485	0	6
2025.07.20	147.953	148.664	145.853	147.647	380024	0	6
2025.07.27	147.695	150.918	147.291	147.373	428589	0	6
2025.08.03	147.225	148.085	146.614	147.735	409267	0	6
2025.08.10	147.479	148.515	146.210	147.168	426237	0	6
2025.08.17	147.147	148.775	146.570	146.934	401758	0	6
2025.08.24	146.826	148.182	146.660	147.028	408129	0	6
2025.08.31	146.940	149.131	146.782	147.379	430537	0	6
2025.09.07	148.122	148.575	146.303	147.661	336603	0	6
2025.09.14	147.529	148.282	145.480	147.956	336730	0	6
2025.09.21	147.845	149.952	147.455	149.508	292175	0	6
2025.09.28	149.421	149.513	146.582	147.467	279013	0	4
2025.10.05	149.366	153.269	149.025	151.163	324256	0	4
2025.10.12	151.798	152.609	149.376	150.572	411950	0	4
2025.10.19	150.378	153.062	150.269	152.867	364259	0	4
2025.10.26	152.758	154.445	151.538	154.047	378390	0	4
2025.11.02	153.979	154.483	152.813	153.412	310042	0	4
2025.11.09	153.678	155.042	153.435	154.504	378996	0	4
2025.11.16	154.493	157.892	154.413	156.331	447124	0	4
2025.11.23	156.323	157.187	155.652	156.137	398556	0	4
2025.11.30	156.066	156.173	154.338	155.359	309223	0	4
2025.12.07	155.134	156.953	154.900	155.838	391858	0	4
2025.12.14	155.786	157.755	154.393	157.751	419297	0	4
2025.12.21	157.447	157.702	155.553	156.576	311333	0	4
2025.12.28	156.434	156.999	155.743	156.827	272759	0	4
2026.01.04	156.690	158.186	156.110	157.938	371560	0	4
2026.01.11	158.024	159.453	157.515	158.081	375009	0	4
2026.01.18	157.883	159.223	155.617	155.702	395029	0	4
2026.01.25	154.827	155.343	152.092	154.766	592456	0	4
2026.02.01	154.816	157.335	154.548	157.222	472334	0	4
2026.02.08	157.484	157.656	152.267	152.694	507206	0	4
2026.02.15	152.637	155.640	152.554	155.022	388152	0	4
2026.02.22	154.846	156.820	153.997	156.110	418223	0	4
2026.03.01	156.087	158.089	156.082	157.801	538995	0	4
2026.03.08	158.053	159.740	157.272	159.729	498700	0	4
2026.03.15	159.463	159.896	157.505	159.231	409214	0	3
2026.03.22	159.224	160.410	158.015	160.247	448615	0	3
2026.03.29	160.139	160.460	158.270	159.590	286754	0	3
