<DATE>	<OPEN>	<HIGH>	<LOW>	<CLOSE>	<TICKVOL>	<VOL>	<SPREAD>
2010.01.03	0.72504	0.74271	0.71936	0.73633	128782	0	30
2010.01.10	0.73885	0.74401	0.73593	0.73756	129379	0	30
2010.01.17	0.73472	0.74067	0.70905	0.70939	151704	0	30
2010.01.24	0.71211	0.71680	0.70062	0.70072	166400	0	30
2010.01.31	0.70287	0.71489	0.68068	0.68921	163454	0	30
2010.02.07	0.68878	0.70232	0.68158	0.69722	159363	0	30
2010.02.14	0.69534	0.70784	0.69298	0.69920	182475	0	30
2010.02.21	0.69987	0.70575	0.68463	0.69774	195503	0	30
2010.02.28	0.69920	0.70146	0.68507	0.69664	176254	0	30
2010.03.07	0.69917	0.70966	0.69608	0.70148	130386	0	20
2010.03.14	0.70250	0.71768	0.69862	0.70769	124478	0	30
2010.03.21	0.70610	0.71003	0.69933	0.70339	116869	0	30
2010.03.28	0.70405	0.71304	0.70333	0.70584	92101	0	30
2010.04.04	0.70620	0.71727	0.69641	0.71586	87764	0	30
2010.04.11	0.71754	0.71927	0.70644	0.70808	102252	0	0
2010.04.18	0.70731	0.71757	0.70526	0.71697	114649	0	30
2010.04.25	0.71683	0.73241	0.70979	0.72655	129408	0	30
2010.05.02	0.72899	0.73222	0.70084	0.71410	166651	0	20
2010.05.09	0.72043	0.72951	0.70595	0.70665	148655	0	30
2010.05.16	0.70570	0.70725	0.66193	0.67839	219155	0	0
2010.05.23	0.67607	0.68601	0.65602	0.67869	148336	0	29
2010.05.30	0.67700	0.68976	0.66817	0.67047	148170	0	15
2010.06.06	0.67014	0.69090	0.65721	0.68973	168919	0	27
2010.06.13	0.69024	0.70713	0.68859	0.70652	134022	0	14
2010.06.20	0.71164	0.71578	0.69945	0.71353	123984	0	30
2010.06.27	0.71460	0.71465	0.67937	0.68818	130912	0	23
2010.07.04	0.68817	0.71147	0.68234	0.71037	99184	0	14
2010.07.11	0.71060	0.73010	0.70561	0.71039	102961	0	19
2010.07.18	0.70860	0.72882	0.70271	0.72694	115849	0	30
2010.07.25	0.72680	0.73940	0.71893	0.72570	113692	0	30
2010.08.01	0.72679	0.73536	0.72464	0.73315	103109	0	30
2010.08.08	0.73342	0.73351	0.70483	0.70556	116043	0	30
2010.08.15	0.70760	0.71910	0.69951	0.70638	112701	0	30
2010.08.22	0.70523	0.71360	0.69471	0.71055	118767	0	30
2010.08.29	0.71226	0.72166	0.69643	0.72040	99459	0	30
2010.09.05	0.71883	0.72994	0.71580	0.72820	92788	0	30
2010.09.12	0.73100	0.73928	0.72139	0.72538	116089	0	30
2010.09.19	0.72690	0.74152	0.72500	0.73390	95676	0	30
2010.09.26	0.73595	0.74614	0.73033	0.74406	117309	0	30
2010.10.03	0.74376	0.75905	0.73564	0.75450	121643	0	30
2010.10.10	0.75630	0.76420	0.74785	0.75591	108967	0	30
2010.10.17	0.75470	0.75988	0.74260	0.74644	133820	0	30
2010.10.24	0.74761	0.76644	0.74043	0.76615	166279	0	30
2010.10.31	0.76559	0.79737	0.76321	0.79518	200281	0	30
2010.11.07	0.79133	0.79296	0.76982	0.77302	197922	0	30
2010.11.14	0.77440	0.77987	0.76307	0.77841	175166	0	30
2010.11.21	0.78010	0.78344	0.74784	0.74962	185225	0	30
2010.11.28	0.75184	0.76728	0.73967	0.76571	225070	0	30
2010.12.05	0.76438	0.76650	0.74336	0.74758	197450	0	19
2010.12.12	0.74665	0.75744	0.73423	0.73593	171374	0	14
2010.12.19	0.73569	0.74993	0.73451	0.74778	144596	0	30
2010.12.26	0.74686	0.78119	0.74536	0.78021	133465	0	30
2011.01.02	0.77728	0.77825	0.75494	0.75955	150011	0	30
2011.01.09	0.75977	0.77249	0.75602	0.76582	162218	0	30
2011.01.16	0.76794	0.77859	0.75246	0.75791	186658	0	16
2011.01.23	0.75816	0.77920	0.75653	0.77341	185242	0	15
2011.01.30	0.76911	0.78230	0.76658	0.76970	169153	0	30
2011.02.06	0.76922	0.77857	0.75528	0.76010	118259	0	30
2011.02.13	0.75655	0.76545	0.75032	0.76135	134141	0	30
2011.02.20	0.76260	0.76517	0.74265	0.75147	175286	0	30
2011.02.27	0.75108	0.75520	0.73383	0.73806	164935	0	15
2011.03.06	0.73709	0.74537	0.73212	0.74246	179163	0	30
2011.03.13	0.73908	0.74120	0.71159	0.73073	235827	0	30
2011.03.20	0.73045	0.75731	0.73013	0.75314	171878	0	30
2011.03.27	0.75095	0.76810	0.74877	0.76746	160303	0	30
2011.04.03	0.76766	0.78326	0.76592	0.78248	155455	0	30
2011.04.10	0.78208	0.79984	0.77453	0.79923	156766	0	30
2011.04.17	0.79907	0.80366	0.78206	0.80148	150253	0	30
2011.04.24	0.80259	0.81059	0.79701	0.80971	156235	5875720000	17
2011.05.01	0.80962	0.81181	0.78161	0.79035	203389	0	30
2011.05.08	0.78983	0.79873	0.78351	0.78674	197009	0	30
2011.05.15	0.78600	0.79983	0.77547	0.79547	97424	0	12
2011.05.22	0.79435	0.81973	0.78579	0.81874	137727	0	12
2011.05.29	0.81832	0.82614	0.80722	0.81552	169397	0	30
2011.06.05	0.81563	0.82972	0.81184	0.82093	133602	0	30
2011.06.12	0.82032	0.82169	0.79715	0.81198	216073	0	30
2011.06.19	0.81034	0.81929	0.80440	0.81223	217035	0	30
2011.06.26	0.80760	0.83167	0.80074	0.82709	193246	0	30
2011.07.03	0.82722	0.83820	0.82326	0.83752	180206	0	23
2011.07.10	0.83443	0.85028	0.81095	0.84477	253110	0	30
2011.07.17	0.84482	0.86732	0.84107	0.86424	172723	0	14
2011.07.24	0.86497	0.87973	0.86102	0.87906	164214	14141118000	13
2011.07.31	0.87847	0.88414	0.82738	0.84316	233857	14609660000	12
2011.08.07	0.84112	0.84140	0.79641	0.83193	369559	0	12
2011.08.14	0.83419	0.84235	0.81702	0.81715	274674	0	19
2011.08.21	0.81784	0.84162	0.81601	0.84017	250955	0	13
2011.08.28	0.83996	0.85724	0.83845	0.84774	218435	102233265000	12
2011.09.04	0.84309	0.84492	0.81920	0.82156	309450	0	19
2011.09.11	0.82019	0.83399	0.81177	0.82843	344998	0	19
2011.09.18	0.82401	0.82849	0.77232	0.77562	387329	0	6
2011.09.25	0.77316	0.79561	0.76067	0.76099	374200	0	11
2011.10.02	0.76220	0.77961	0.74691	0.76977	361025	0	6
2011.10.09	0.76793	0.80542	0.76793	0.80512	295718	0	15
2011.10.16	0.80340	0.80666	0.78595	0.80257	335012	0	15
2011.10.23	0.80188	0.82390	0.79130	0.82034	335953	0	30
2011.10.30	0.82018	0.82258	0.78059	0.79327	366836	0	30
2011.11.06	0.79587	0.79965	0.77314	0.78628	340414	0	30
2011.11.13	0.78911	0.79158	0.75514	0.75598	358502	0	11
2011.11.20	0.75621	0.75700	0.73693	0.73957	328899	0	13
2011.11.27	0.74823	0.78346	0.74804	0.77677	296507	0	10
2011.12.04	0.77846	0.78762	0.76357	0.77491	340477	0	10
2011.12.11	0.77332	0.77461	0.74598	0.76153	335890	0	9
2011.12.18	0.76202	0.77736	0.75415	0.77406	275017	0	3
2011.12.25	0.77362	0.78101	0.76515	0.77654	222448	0	30
2012.01.01	0.77733	0.79058	0.77443	0.78023	271385	0	30
2012.01.08	0.78004	0.79789	0.77756	0.79430	276010	0	30
2012.01.15	0.79391	0.80801	0.79159	0.80599	277554	0	30
2012.01.22	0.80524	0.82482	0.80395	0.82447	272075	0	6
2012.01.29	0.82295	0.83768	0.81543	0.83450	297836	0	6
2012.02.05	0.83389	0.84057	0.82483	0.82625	299038	0	30
2012.02.12	0.83031	0.84203	0.82441	0.83186	297670	0	30
2012.02.19	0.83996	0.84269	0.82612	0.83556	260669	0	6
2012.02.26	0.83658	0.84696	0.82843	0.82871	261879	0	30
2012.03.04	0.82886	0.83009	0.80985	0.82108	269194	0	18
2012.03.11	0.81907	0.82569	0.80590	0.82436	253060	0	30
2012.03.18	0.82687	0.82860	0.80568	0.81794	252277	0	9
2012.03.25	0.81746	0.82621	0.81145	0.81764	242935	0	6
2012.04.01	0.82370	0.82606	0.81230	0.81860	249292	0	9
2012.04.08	0.81806	0.83165	0.81200	0.82267	256637	0	14
2012.04.15	0.82303	0.82333	0.81202	0.81804	273018	0	25
2012.04.22	0.81736	0.82310	0.80860	0.82146	255585	0	7
2012.04.29	0.82263	0.82331	0.79368	0.79535	250701	0	25
2012.05.06	0.79325	0.79716	0.78094	0.78249	289688	0	25
2012.05.13	0.78099	0.78224	0.75201	0.75574	299779	0	25
2012.05.20	0.75657	0.76747	0.74565	0.75314	347132	0	10
2012.05.27	0.75827	0.76466	0.74550	0.75359	323339	0	17
2012.06.03	0.75486	0.77514	0.74992	0.76989	327830	0	13
2012.06.10	0.77672	0.78989	0.76683	0.78697	324692	0	25
2012.06.17	0.79178	0.80142	0.78459	0.78971	317989	0	25
2012.06.24	0.78936	0.80395	0.78382	0.80094	322651	0	25
2012.07.01	0.80132	0.80739	0.79547	0.79732	297183	0	9
2012.07.08	0.79570	0.79969	0.78592	0.79576	305958	0	15
2012.07.15	0.79720	0.80534	0.79223	0.79930	309102	0	11
2012.07.22	0.79764	0.81028	0.78065	0.80924	351941	0	25
2012.07.29	0.81002	0.81972	0.80658	0.81845	334792	0	8
2012.08.05	0.81888	0.82215	0.80819	0.81309	307518	0	25
2012.08.12	0.81209	0.81272	0.80354	0.80698	286885	0	10
2012.08.19	0.80713	0.81844	0.80616	0.81085	284718	0	13
2012.08.26	0.81200	0.81241	0.79680	0.80298	240335	0	6
2012.09.02	0.80039	0.81234	0.79125	0.81215	277315	0	25
2012.09.09	0.81012	0.83510	0.80784	0.82867	297283	0	25
2012.09.16	0.82955	0.83356	0.82069	0.82880	302748	0	25
2012.09.23	0.82956	0.83550	0.81823	0.82977	320258	0	20
2012.09.30	0.82873	0.83360	0.81504	0.81772	323705	0	8
2012.10.07	0.81739	0.82358	0.81441	0.81630	272810	0	13
2012.10.14	0.81726	0.82293	0.81074	0.81543	208965	0	21
2012.10.21	0.81568	0.82412	0.80990	0.82245	226896	0	8
2012.10.28	0.82070	0.82867	0.81793	0.82493	277775	0	6
2012.11.04	0.82430	0.83078	0.81224	0.81384	371068	0	6
2012.11.11	0.81475	0.82014	0.80509	0.81235	331756	0	11
2012.11.18	0.81279	0.82493	0.81106	0.82330	299759	0	11
2012.11.25	0.82377	0.82662	0.81727	0.81964	302322	0	7
2012.12.02	0.82002	0.83477	0.81689	0.83217	287835	0	6
2012.12.09	0.83303	0.84751	0.83219	0.84606	285952	0	8
2012.12.16	0.84736	0.84740	0.82179	0.82217	307625	0	6
2012.12.23	0.82413	0.82437	0.81540	0.81956	196025	0	6
2012.12.30	0.82072	0.83938	0.82052	0.83139	245980	0	8
2013.01.06	0.83239	0.84583	0.82850	0.83613	353094	0	14
2013.01.13	0.83644	0.84384	0.83338	0.83635	367312	0	14
2013.01.20	0.83613	0.84449	0.83320	0.83717	318366	0	14
2013.01.27	0.83563	0.84701	0.82790	0.84515	353682	0	9
2013.02.03	0.84666	0.84700	0.82960	0.83518	358768	0	11
2013.02.10	0.83607	0.85324	0.83085	0.84446	347676	0	14
2013.02.17	0.84358	0.84878	0.83126	0.83765	326869	0	13
2013.02.24	0.83567	0.84164	0.82148	0.82488	394199	0	14
2013.03.03	0.82317	0.83466	0.81866	0.82197	84479	0	2
2013.03.10	0.81982	0.82843	0.81617	0.82717	122871	0	1
2013.03.17	0.82311	0.83621	0.82100	0.83522	144444	0	1
2013.03.24	0.83509	0.83961	0.83345	0.83674	118932	0	1
2013.03.31	0.83599	0.84479	0.83496	0.84281	122874	0	1
2013.04.07	0.84115	0.86759	0.84050	0.85847	128942	0	1
2013.04.14	0.85717	0.85803	0.83771	0.84171	176251	0	4
2013.04.21	0.83999	0.85621	0.83600	0.84746	159687	0	1
2013.04.28	0.84875	0.85854	0.84550	0.85299	134930	0	1
2013.05.05	0.85370	0.85561	0.82583	0.82965	156651	0	1
2013.05.12	0.82888	0.83174	0.80581	0.80616	198566	0	1
2013.05.19	0.80992	0.82122	0.80058	0.80849	232046	0	1
2013.05.26	0.81047	0.81622	0.79357	0.79357	280273	0	5
2013.06.02	0.79553	0.81183	0.78578	0.78787	340863	0	5
2013.06.09	0.78232	0.81369	0.77596	0.80389	328675	0	5
2013.06.16	0.80457	0.80987	0.76998	0.77337	305283	0	5
2013.06.23	0.77542	0.78605	0.76826	0.77243	333006	0	5
2013.06.30	0.77333	0.78585	0.76873	0.77051	293227	0	5
2013.07.07	0.77094	0.79687	0.76987	0.77633	293200	0	5
2013.07.14	0.77987	0.79897	0.77310	0.78999	273341	0	1
2013.07.21	0.79079	0.81055	0.79005	0.80690	265080	0	1
2013.07.28	0.80741	0.80988	0.78159	0.78239	254386	0	1
2013.08.04	0.77663	0.80564	0.77361	0.80342	252486	0	1
2013.08.11	0.80263	0.81277	0.79341	0.80994	238579	0	1
2013.08.18	0.81047	0.81628	0.77609	0.77994	247215	0	1
2013.08.25	0.78109	0.78729	0.77164	0.77164	219046	0	1
2013.09.01	0.77600	0.80218	0.77372	0.79940	191334	0	1
2013.09.08	0.80013	0.81695	0.79607	0.81240	174274	0	1
2013.09.15	0.82137	0.84351	0.81559	0.83577	176146	0	1
2013.09.22	0.83511	0.83895	0.82165	0.82672	174799	0	1
2013.09.29	0.82661	0.83502	0.81933	0.83140	179111	0	1
2013.10.06	0.83174	0.83538	0.82310	0.83161	169698	0	1
2013.10.13	0.83144	0.85241	0.83071	0.84938	176095	0	1
2013.10.20	0.84836	0.85428	0.82725	0.82775	188043	0	1
2013.10.27	0.82825	0.83318	0.81922	0.82638	185322	0	1
2013.11.03	0.82519	0.84142	0.82242	0.82438	183857	0	1
2013.11.10	0.82536	0.83561	0.81684	0.83289	189428	0	1
2013.11.17	0.83479	0.84045	0.81242	0.81883	203780	0	1
2013.11.24	0.81834	0.82650	0.80838	0.81235	183797	0	1
2013.12.01	0.81594	0.82917	0.81394	0.82748	196773	0	1
2013.12.08	0.82880	0.83340	0.81862	0.82604	181376	0	1
2013.12.15	0.82625	0.82884	0.81486	0.81868	175476	0	1
2013.12.22	0.82016	0.82158	0.81392	0.81425	98124	0	1
2013.12.29	0.81433	0.83166	0.81165	0.82708	131608	0	1
2014.01.05	0.82629	0.83174	0.82041	0.82992	183304	0	1
2014.01.12	0.82869	0.84320	0.82439	0.82439	184411	0	1
2014.01.19	0.82492	0.83456	0.82116	0.82116	176707	0	1
2014.01.26	0.82360	0.83034	0.80615	0.80758	185810	0	1
2014.02.02	0.81018	0.82955	0.80492	0.82923	195127	0	1
2014.02.09	0.82783	0.83842	0.82563	0.83648	142064	0	1
2014.02.16	0.83657	0.83919	0.82421	0.82743	201412	0	1
2014.02.23	0.82745	0.84248	0.82600	0.83792	200391	0	1
2014.03.02	0.83583	0.85226	0.83422	0.84614	200365	0	0
2014.03.09	0.84688	0.86048	0.84355	0.85264	354182	0	0
2014.03.16	0.85232	0.86395	0.85009	0.85308	347761	0	0
2014.03.23	0.85353	0.86964	0.85146	0.86476	349021	0	0
2014.03.30	0.86573	0.87010	0.85137	0.85925	342429	0	0
2014.04.06	0.85846	0.87452	0.85788	0.86813	279413	0	1
2014.04.13	0.86850	0.86944	0.85618	0.85754	221099	0	1
2014.04.20	0.85698	0.86364	0.85459	0.85755	202891	0	1
2014.04.27	0.85778	0.86692	0.85161	0.86552	229520	0	0
2014.05.04	0.86627	0.87790	0.86036	0.86085	289599	0	1
2014.05.11	0.86203	0.86949	0.86078	0.86206	226549	0	1
2014.05.18	0.86324	0.86531	0.85302	0.85458	212777	0	0
2014.05.25	0.85419	0.85782	0.84506	0.84945	165356	0	7
2014.06.01	0.84918	0.85536	0.84014	0.84975	236068	0	1
2014.06.08	0.85007	0.86993	0.84800	0.86499	218065	0	0
2014.06.15	0.86734	0.87358	0.86416	0.86953	224091	0	1
2014.06.22	0.87023	0.87934	0.86617	0.87763	202234	0	1
2014.06.29	0.87754	0.87893	0.87174	0.87322	229586	0	1
2014.07.06	0.87450	0.88346	0.87134	0.88129	260109	0	1
2014.07.13	0.88110	0.88224	0.86484	0.86811	244464	0	1
2014.07.20	0.86939	0.87186	0.85380	0.85653	258382	0	1
2014.07.27	0.85529	0.85600	0.84589	0.84986	298859	0	1
2014.08.03	0.85085	0.85300	0.84224	0.84595	255259	0	16
2014.08.10	0.84613	0.85140	0.84077	0.84802	193945	0	16
2014.08.17	0.84885	0.84998	0.83470	0.83961	204394	0	5
2014.08.24	0.83490	0.84069	0.83102	0.83548	241967	0	3
2014.08.31	0.83534	0.83899	0.82699	0.83245	269950	0	1
2014.09.07	0.83074	0.83290	0.81407	0.81441	315996	0	1
2014.09.14	0.81512	0.82302	0.80775	0.81153	320062	0	1
2014.09.21	0.81503	0.81700	0.78591	0.78631	446397	0	1
2014.09.28	0.78648	0.79292	0.77082	0.77662	371805	0	1
2014.10.05	0.77636	0.79745	0.77141	0.78143	387283	0	1
2014.10.12	0.78107	0.79971	0.77955	0.79099	418823	0	1
2014.10.19	0.79291	0.80335	0.77927	0.78291	331458	0	9
2014.10.26	0.78543	0.79764	0.77649	0.77826	332584	0	1
2014.11.02	0.77744	0.78411	0.76594	0.77499	418219	0	1
2014.11.09	0.77646	0.79381	0.77121	0.79060	376841	0	1
2014.11.16	0.79339	0.79738	0.78059	0.78782	325627	0	1
2014.11.23	0.78779	0.79258	0.77652	0.78319	278332	16884430000	2
2014.11.30	0.78167	0.79102	0.76987	0.77097	281953	0	1
2014.12.07	0.76962	0.78705	0.76086	0.77765	338210	224184059350	1
2014.12.14	0.77562	0.78489	0.76808	0.77301	297480	251082126000	0
2014.12.21	0.77467	0.77697	0.76935	0.77550	486220	560496601000	0
2014.12.28	0.77531	0.78480	0.76876	0.76931	186217	123004954000	0
2015.01.04	0.76830	0.78473	0.76174	0.78293	418355	0	21
2015.01.11	0.78467	0.78883	0.76886	0.77818	453509	0	21
2015.01.18	0.77806	0.78070	0.74301	0.74455	241281	0	7
2015.01.25	0.74360	0.74933	0.72138	0.72491	219961	1297500000	1
2015.02.01	0.72504	0.74481	0.71754	0.73590	325843	0	6
2015.02.08	0.73571	0.74847	0.73131	0.74527	297145	0	6
2015.02.15	0.74777	0.75719	0.74693	0.75219	321270	0	6
2015.02.22	0.75254	0.76127	0.74219	0.75603	297500	0	7
2015.03.01	0.75495	0.76093	0.73567	0.73601	269434	0	7
2015.03.08	0.73691	0.74424	0.71876	0.73185	311242	0	2
2015.03.15	0.73253	0.75910	0.72744	0.75642	326021	0	1
2015.03.22	0.75882	0.76957	0.75424	0.75652	333985	0	7
2015.03.29	0.75515	0.76290	0.73904	0.76082	270545	0	7
2015.04.05	0.76082	0.76220	0.74857	0.75374	256801	0	4
2015.04.12	0.75374	0.77395	0.74213	0.76807	341544	0	4
2015.04.19	0.76807	0.77368	0.75358	0.75945	417558	0	4
2015.04.26	0.75844	0.77435	0.75060	0.75364	515857	0	8
2015.05.03	0.75267	0.75770	0.74210	0.74878	136699	0	3
2015.05.10	0.74523	0.75632	0.73170	0.74605	393597	0	7
2015.05.17	0.74494	0.74574	0.72803	0.73024	457074	0	8
2015.05.24	0.73092	0.73204	0.70798	0.70986	468817	0	7
2015.05.31	0.70845	0.72003	0.70241	0.70444	503387	0	3
2015.06.07	0.70436	0.72309	0.69416	0.69842	548519	0	7
2015.06.14	0.69841	0.70113	0.68780	0.69083	472214	0	7
2015.06.21	0.69022	0.69294	0.68143	0.68364	485039	0	7
2015.06.28	0.68204	0.68816	0.66620	0.66829	498854	0	4
2015.07.05	0.66641	0.67703	0.66189	0.67102	481931	0	5
2015.07.12	0.67008	0.67517	0.64969	0.65259	484320	0	6
2015.07.19	0.65147	0.66940	0.65036	0.65729	721149	141680834000	5
2015.07.26	0.65667	0.67379	0.65343	0.65910	649659	444381354000	4
2015.08.02	0.66009	0.66361	0.64898	0.66190	658095	453463408000	5
2015.08.09	0.66126	0.66486	0.64666	0.65320	431011	378144038000	6
2015.08.16	0.65325	0.67075	0.65258	0.66832	664500	452807809000	12
2015.08.23	0.66585	0.66852	0.60840	0.64567	595952	340179662000	15
2015.08.30	0.64598	0.64663	0.62687	0.62814	521942	377354959000	14
2015.09.06	0.62995	0.64241	0.62432	0.63130	468207	355713371000	12
2015.09.13	0.63041	0.64566	0.62919	0.63947	454899	319089550000	13
2015.09.20	0.63892	0.63993	0.62354	0.63812	436174	311516546000	14
2015.09.27	0.63598	0.64548	0.62880	0.64432	499526	352966968000	7
2015.10.04	0.64573	0.67205	0.64363	0.66918	558592	433473187000	12
2015.10.11	0.66778	0.68965	0.66174	0.68030	523929	431317340000	0
2015.10.18	0.67984	0.68645	0.66973	0.67488	478903	370488132000	0
2015.10.25	0.67449	0.68118	0.66208	0.67719	534987	446734297000	0
2015.11.01	0.67341	0.67847	0.64976	0.65206	614643	491448980000	0
2015.11.08	0.65115	0.65871	0.64995	0.65333	465330	325729218000	0
2015.11.15	0.65424	0.66043	0.64278	0.65606	489850	370390225000	0
2015.11.22	0.65557	0.65955	0.64922	0.65293	469758	362478861000	0
2015.11.29	0.65342	0.67865	0.65135	0.67442	610075	480740685000	0
2015.12.06	0.67376	0.67811	0.65744	0.67132	552726	406016351000	0
2015.12.13	0.67034	0.68338	0.66802	0.67246	562724	361526331000	0
2015.12.20	0.67211	0.68409	0.67197	0.68357	251797	154929616000	0
2015.12.27	0.68287	0.68821	0.68233	0.68380	208014	119526227000	0
2016.01.03	0.68278	0.68343	0.65392	0.65427	515274	316487861000	0
2016.01.10	0.65179	0.65899	0.63803	0.64612	527984	357117348000	0
2016.01.17	0.64007	0.65578	0.63462	0.64862	575413	433465486000	0
2016.01.24	0.64863	0.65424	0.64160	0.64774	599016	506394427000	0
2016.01.31	0.64824	0.67523	0.64476	0.66206	572765	493331689000	14
2016.02.07	0.66144	0.67379	0.65622	0.66122	634708	481145275000	0
2016.02.14	0.66078	0.66754	0.65441	0.66271	624416	433838313000	0
2016.02.21	0.66425	0.67735	0.65855	0.66256	553755	599256916000	21
2016.02.28	0.65866	0.68190	0.65642	0.68188	673869	709895081000	0
2016.03.06	0.67806	0.68141	0.66178	0.67419	595783	620875514000	0
2016.03.13	0.67297	0.68727	0.65743	0.67906	593890	583143838000	0
2016.03.20	0.67863	0.67909	0.66702	0.66785	437315	419783061000	0
2016.03.27	0.66754	0.69653	0.66668	0.69027	546125	645877634000	0
2016.04.03	0.68823	0.69030	0.67580	0.67790	576312	643927287000	0
2016.04.10	0.68009	0.69514	0.67902	0.69163	590795	722543390000	0
2016.04.17	0.68747	0.70530	0.68340	0.68468	500938	498094044000	0
2016.04.24	0.68364	0.69977	0.68058	0.69772	431867	438438606000	0
2016.05.01	0.69738	0.70527	0.68060	0.68351	506408	573743960000	0
2016.05.08	0.68227	0.68469	0.67150	0.67653	457920	565791936000	0
2016.05.15	0.67581	0.68418	0.67093	0.67363	448112	559806420000	0
2016.05.22	0.67611	0.68058	0.66862	0.66912	423842	460121500000	0
2016.05.29	0.66897	0.69595	0.66743	0.69519	496734	643734119000	0
2016.06.05	0.69426	0.71469	0.68918	0.70411	502947	635048629000	0
2016.06.12	0.70497	0.70927	0.69623	0.70254	529187	664450384000	0
2016.06.19	0.70686	0.72915	0.69704	0.70980	466099	571357909000	0
2016.06.26	0.70670	0.71965	0.69751	0.71699	511552	640738193000	0
2016.07.03	0.71576	0.73056	0.70783	0.73018	493546	614477073000	0
2016.07.10	0.72901	0.73238	0.71059	0.71084	517105	669186802000	0
2016.07.17	0.71351	0.71530	0.69506	0.69983	428379	621583961000	0
2016.07.24	0.69914	0.72280	0.69555	0.72078	421392	496731026000	0
2016.07.31	0.71998	0.72555	0.71206	0.71362	448016	459287996000	0
2016.08.07	0.71318	0.73422	0.70860	0.71939	436961	487665064000	0
2016.08.14	0.71820	0.73212	0.71637	0.72719	464501	500379192000	0
2016.08.21	0.72424	0.73794	0.72082	0.72192	458012	494795427000	0
2016.08.28	0.72248	0.73588	0.72032	0.72664	475899	471195848000	0
2016.09.04	0.72781	0.74843	0.72764	0.72969	465473	443650880000	0
2016.09.11	0.73170	0.73630	0.72340	0.72633	612439	620776775000	0
2016.09.18	0.72531	0.73685	0.72224	0.72418	525551	567347956000	0
2016.09.25	0.72448	0.73292	0.72198	0.72842	542624	584447170000	0
2016.10.02	0.72717	0.73097	0.71088	0.71616	509736	517760057000	0
2016.10.09	0.71774	0.71805	0.70335	0.70622	496182	545978046000	0
2016.10.16	0.70917	0.72650	0.70759	0.71604	426566	424956532000	0
2016.10.23	0.71560	0.71826	0.71071	0.71401	430120	419482224000	0
2016.10.30	0.71574	0.73390	0.71365	0.73006	499486	492596461000	0
2016.11.06	0.73379	0.74020	0.71052	0.71052	682135	627376270000	0
2016.11.13	0.71391	0.71434	0.69838	0.69838	633457	598546385000	0
2016.11.20	0.69900	0.70847	0.69701	0.70396	545858	500761642000	0
2016.11.27	0.70402	0.71687	0.70320	0.71300	532901	474815117000	0
2016.12.04	0.71075	0.72216	0.70682	0.71330	427492	317475980000	0
2016.12.11	0.71222	0.72376	0.69298	0.69410	564198	353670514000	0
2016.12.18	0.69611	0.69880	0.68610	0.68747	410479	277220633000	0
2016.12.25	0.68877	0.69777	0.68201	0.68993	319295	229112186000	0
2017.01.01	0.69162	0.70423	0.68838	0.69564	539506	419321742000	0
2017.01.08	0.69602	0.71434	0.69479	0.71278	639293	482042485000	0
2017.01.15	0.71035	0.72241	0.70752	0.71676	618234	477165800000	0
2017.01.22	0.71591	0.73110	0.71533	0.72580	554216	422023142000	0
2017.01.29	0.72687	0.73490	0.72354	0.72947	574967	452631001000	0
2017.02.05	0.73041	0.73748	0.71701	0.71761	511390	422270355000	0
2017.02.12	0.71984	0.72414	0.71333	0.71569	481097	401809863000	0
2017.02.19	0.71838	0.72457	0.71288	0.71727	405055	324885629000	0
2017.02.26	0.71970	0.72362	0.70013	0.70138	477241	385341736000	0
2017.03.05	0.70178	0.70445	0.68888	0.69180	435344	340574691000	0
2017.03.12	0.69321	0.70476	0.68927	0.70163	427008	328178937000	0
2017.03.19	0.70160	0.70890	0.69935	0.70042	421665	331864459000	0
2017.03.26	0.70296	0.70670	0.69751	0.69818	364872	286050616000	0
2017.04.02	0.69893	0.70218	0.69258	0.69258	350363	265935271000	0
2017.04.09	0.69295	0.70145	0.69083	0.69779	331189	247463119000	0
2017.04.16	0.69871	0.70517	0.69775	0.70070	334670	258898685000	0
2017.04.23	0.70439	0.70462	0.68471	0.68613	346821	257420540000	0
2017.04.30	0.68548	0.69676	0.68382	0.68923	332975	271341135000	0
2017.05.07	0.69046	0.69497	0.68168	0.68658	363288	301457300000	0
2017.05.14	0.68531	0.69487	0.68505	0.69216	386369	284189107000	0
2017.05.21	0.69204	0.70761	0.69090	0.70460	327527	239278943000	0
2017.05.28	0.70432	0.71456	0.70340	0.71336	287940	210804213000	0
2017.06.04	0.71284	0.72219	0.71128	0.72050	266199	0	21
2017.06.11	0.72017	0.73183	0.71699	0.72399	275298	0	21
2017.06.18	0.72458	0.72973	0.72052	0.72800	217743	0	21
2017.06.25	0.72788	0.73458	0.72525	0.73250	272470	0	21
2017.07.02	0.73222	0.73443	0.72431	0.72706	252557	0	21
2017.07.09	0.72715	0.73676	0.72006	0.73450	276384	0	21
2017.07.16	0.73391	0.74576	0.72616	0.74508	349823	0	21
2017.07.23	0.74311	0.75573	0.74003	0.75134	403339	0	21
2017.07.30	0.74933	0.75231	0.73898	0.74124	334727	0	21
2017.08.06	0.73987	0.74155	0.72507	0.73169	323083	0	6
2017.08.13	0.73058	0.73341	0.72222	0.73057	302818	0	21
2017.08.20	0.73100	0.73361	0.71907	0.72345	271028	0	21
2017.08.27	0.72374	0.72976	0.71308	0.71547	340395	0	20
2017.09.03	0.71474	0.73364	0.71448	0.72611	397635	0	21
2017.09.10	0.72539	0.73201	0.71835	0.72732	495752	1321350000	0
2017.09.17	0.72775	0.74340	0.72474	0.73152	488833	0	0
2017.09.24	0.72991	0.73275	0.71665	0.72017	506866	0	0
2017.10.01	0.72100	0.72261	0.70587	0.70837	400704	0	0
2017.10.08	0.70615	0.71966	0.70557	0.71726	343677	0	0
2017.10.15	0.71700	0.72039	0.69538	0.69568	366962	0	0
2017.10.22	0.69501	0.70042	0.68180	0.68743	331655	0	0
2017.10.29	0.68758	0.69503	0.68240	0.69062	269978	0	0
2017.11.05	0.69038	0.69798	0.68749	0.69245	255635	0	0
2017.11.12	0.69134	0.69372	0.67804	0.68131	249037	0	0
2017.11.19	0.68042	0.69053	0.67890	0.68691	196790	0	0
2017.11.26	0.68777	0.69454	0.68165	0.68883	295654	0	0
2017.12.03	0.68601	0.69169	0.68224	0.68376	299845	0	0
2017.12.10	0.68370	0.70338	0.68344	0.69883	320252	0	0
2017.12.17	0.69957	0.70279	0.69539	0.70212	291800	0	3
2017.12.24	0.70293	0.71237	0.70097	0.70978	155438	0	3
2017.12.31	0.70815	0.71864	0.70539	0.71698	256389	0	3
2018.01.07	0.71544	0.72761	0.71395	0.72474	460464	0	1
2018.01.14	0.72373	0.73311	0.72346	0.72709	507795	0	1
2018.01.21	0.72745	0.74370	0.72673	0.73476	620173	0	1
2018.01.28	0.73366	0.74197	0.72793	0.73030	625692	0	1
2018.02.04	0.72859	0.73508	0.71764	0.72584	724817	0	1
2018.02.11	0.72433	0.74370	0.72318	0.73891	516300	0	1
2018.02.18	0.73697	0.74092	0.72706	0.73008	434016	0	1
2018.02.25	0.72910	0.73449	0.71859	0.72418	479444	0	1
2018.03.04	0.72340	0.73108	0.72027	0.72807	486782	0	1
2018.03.11	0.72886	0.73549	0.72078	0.72159	388563	0	1
2018.03.18	0.72158	0.72735	0.71533	0.72340	501702	0	1
2018.03.25	0.72284	0.73031	0.71879	0.72390	371562	0	1
2018.04.01	0.72235	0.73220	0.71871	0.72714	267075	0	1
2018.04.08	0.72633	0.73950	0.72622	0.73576	221892	0	1
2018.04.15	0.73528	0.73721	0.72005	0.72085	193460	0	1
2018.04.22	0.72130	0.72177	0.70382	0.70848	235418	0	1
2018.04.29	0.70766	0.70890	0.69847	0.70193	274300	0	1
2018.05.06	0.70177	0.70411	0.69025	0.69668	263295	0	1
2018.05.13	0.69552	0.69742	0.68508	0.69187	257190	0	1
2018.05.20	0.69148	0.69743	0.68838	0.69169	278190	0	1
2018.05.27	0.69087	0.70235	0.68823	0.69829	267412	0	1
2018.06.03	0.69741	0.70598	0.69710	0.70333	195657	0	1
2018.06.10	0.70146	0.70534	0.69274	0.69398	204090	0	1
2018.06.17	0.69278	0.69556	0.68256	0.69091	228594	0	1
2018.06.24	0.69099	0.69213	0.67359	0.67764	240331	0	1
2018.07.01	0.67870	0.68442	0.66876	0.68373	184961	0	1
2018.07.08	0.68325	0.68588	0.67251	0.67665	180156	0	1
2018.07.15	0.67580	0.68404	0.67135	0.68076	236790	0	0
2018.07.22	0.67902	0.68491	0.67608	0.67913	168342	0	9
2018.07.29	0.67914	0.68331	0.67188	0.67451	139402	0	10
2018.08.05	0.67399	0.67612	0.65688	0.65755	149201	0	8
2018.08.12	0.65636	0.66357	0.65429	0.66357	183497	0	9
2018.08.19	0.66343	0.67200	0.66092	0.66864	185634	0	8
2018.08.26	0.66774	0.67256	0.66055	0.66193	207503	0	9
2018.09.02	0.66126	0.66200	0.65265	0.65307	199640	0	8
2018.09.09	0.65299	0.65940	0.64994	0.65442	177073	0	10
2018.09.16	0.65494	0.66976	0.65370	0.66779	221032	0	10
2018.09.23	0.66671	0.66944	0.65969	0.66126	203771	0	10
2018.09.30	0.66078	0.66269	0.64308	0.64364	190661	0	10
2018.10.07	0.64373	0.65318	0.64228	0.65076	233473	0	10
2018.10.14	0.64983	0.66058	0.64929	0.65880	281780	0	9
2018.10.21	0.66075	0.66090	0.64634	0.65210	324789	0	8
2018.10.28	0.65202	0.66882	0.65116	0.66444	270893	0	8
2018.11.04	0.66321	0.68189	0.66225	0.67364	289588	0	11
2018.11.11	0.67259	0.68824	0.67041	0.68742	324003	0	11
2018.11.18	0.68632	0.68722	0.67634	0.67725	194181	0	10
2018.11.25	0.67565	0.68855	0.67521	0.68794	213181	0	8
2018.12.02	0.69153	0.69681	0.68448	0.68576	248827	0	10
2018.12.09	0.68652	0.69100	0.67775	0.67940	243563	0	8
2018.12.16	0.67940	0.68784	0.67042	0.67065	274957	0	9
2018.12.23	0.67047	0.67446	0.66910	0.67011	168088	0	8
2018.12.30	0.67081	0.67502	0.65773	0.67326	244100	0	8
2019.01.06	0.67385	0.68423	0.67058	0.68291	236144	0	8
2019.01.13	0.68226	0.68472	0.67262	0.67421	182048	0	10
2019.01.20	0.67478	0.68491	0.67052	0.68357	236320	0	10
2019.01.27	0.68255	0.69403	0.68140	0.68889	246853	0	10
2019.02.03	0.68909	0.69044	0.67280	0.67404	210583	0	8
2019.02.10	0.67389	0.68728	0.67180	0.68610	199861	0	10
2019.02.17	0.68520	0.68918	0.67557	0.68378	223675	0	10
2019.02.24	0.68599	0.69016	0.67924	0.67944	246862	0	9
2019.03.03	0.68183	0.68261	0.67431	0.68022	236480	0	11
2019.03.10	0.67938	0.68713	0.67886	0.68454	191417	0	9
2019.03.17	0.68438	0.69369	0.68262	0.68725	237488	0	8
2019.03.24	0.68829	0.69230	0.67724	0.68032	274609	0	8
2019.03.31	0.68187	0.68358	0.67169	0.67292	198576	0	9
2019.04.07	0.67250	0.67801	0.67120	0.67596	193026	0	7
2019.04.14	0.67545	0.67812	0.66645	0.66826	157914	0	8
2019.04.21	0.66826	0.66881	0.65788	0.66570	143787	0	9
2019.04.28	0.66538	0.66834	0.66044	0.66420	148255	0	10
2019.05.05	0.66031	0.66278	0.65243	0.65965	230556	0	10
2019.05.12	0.65893	0.66014	0.65122	0.65134	182313	0	10
2019.05.19	0.65261	0.65541	0.64801	0.65491	191536	0	9
2019.05.26	0.65504	0.65578	0.64934	0.65323	189067	0	9
2019.06.02	0.65281	0.66799	0.65244	0.66602	265052	0	10
2019.06.09	0.66545	0.66602	0.64867	0.64889	231551	0	9
2019.06.16	0.64900	0.66026	0.64888	0.65875	192967	0	9
2019.06.23	0.65835	0.67195	0.65829	0.67150	183558	0	9
2019.06.30	0.67147	0.67253	0.66006	0.66218	155825	0	9
2019.07.07	0.66235	0.66981	0.65661	0.66936	159631	0	8
2019.07.14	0.66822	0.67902	0.66800	0.67596	159375	0	8
2019.07.21	0.67625	0.67867	0.66255	0.66316	129931	0	7
2019.07.28	0.66297	0.66413	0.65049	0.65335	185994	0	8
2019.08.04	0.65213	0.65890	0.63772	0.64614	289108	0	8
2019.08.11	0.64653	0.64747	0.64206	0.64232	262611	0	8
2019.08.18	0.64242	0.64417	0.63603	0.63906	203411	0	8
2019.08.25	0.63805	0.64031	0.62826	0.63083	275031	0	7
2019.09.01	0.62957	0.64435	0.62687	0.64255	192603	0	7
2019.09.08	0.64131	0.64500	0.63717	0.63747	125145	0	7
2019.09.15	0.63750	0.63913	0.62545	0.62566	136427	0	7
2019.09.22	0.62626	0.63483	0.62576	0.62937	170258	0	7
2019.09.29	0.62805	0.63370	0.62034	0.63122	181005	0	7
2019.10.06	0.62992	0.63536	0.62766	0.63360	164180	0	6
2019.10.13	0.63265	0.63899	0.62402	0.63835	133373	0	6
2019.10.20	0.63742	0.64354	0.63470	0.63478	116428	0	6
2019.10.27	0.63504	0.64561	0.63327	0.64258	142933	0	6
2019.11.03	0.64316	0.64653	0.63216	0.63229	141004	0	6
2019.11.10	0.63160	0.64188	0.63160	0.63993	119248	0	6
2019.11.17	0.63994	0.64368	0.63814	0.64017	120110	0	6
2019.11.24	0.64072	0.64378	0.63941	0.64147	114050	0	6
2019.12.01	0.64297	0.65757	0.64237	0.65657	127693	0	6
2019.12.08	0.65548	0.66346	0.65218	0.65897	204198	0	6
2019.12.15	0.66001	0.66138	0.65537	0.66033	159985	0	6
2019.12.22	0.66004	0.67101	0.65962	0.67025	107519	0	6
2019.12.29	0.67013	0.67552	0.66440	0.66630	111875	0	1
2020.01.05	0.66581	0.66801	0.66001	0.66346	121696	0	1
2020.01.12	0.66385	0.66652	0.65839	0.66099	101449	0	1
2020.01.19	0.66095	0.66292	0.65810	0.66089	94386	0	1
2020.01.26	0.65826	0.65969	0.64540	0.64638	103532	0	1
2020.02.02	0.64684	0.65029	0.63981	0.64021	115501	0	1
2020.02.09	0.64030	0.64876	0.63783	0.64335	113648	0	1
2020.02.16	0.64459	0.64476	0.63032	0.63517	100464	0	1
2020.02.23	0.63154	0.63585	0.61913	0.62465	179222	0	1
2020.03.01	0.62040	0.63724	0.62019	0.63561	157078	0	1
2020.03.08	0.63097	0.64478	0.60014	0.60628	258837	0	1
2020.03.15	0.60162	0.61510	0.54687	0.57029	291660	0	1
2020.03.22	0.56619	0.60690	0.55904	0.60418	212648	0	1
2020.03.29	0.60236	0.60631	0.58433	0.58590	182475	0	1
2020.04.05	0.58684	0.61029	0.58502	0.60655	133089	0	1
2020.04.12	0.60659	0.61304	0.59215	0.60322	137278	0	1
2020.04.19	0.60249	0.60918	0.59104	0.60179	125393	0	1
2020.04.26	0.59991	0.61758	0.59919	0.60602	110744	0	1
2020.05.03	0.60529	0.61478	0.59947	0.61358	115024	0	1
2020.05.10	0.61370	0.61558	0.59211	0.59337	133630	0	1
2020.05.17	0.59366	0.61579	0.59242	0.60944	125454	0	1
2020.05.24	0.60922	0.62400	0.60837	0.62079	146634	0	1
2020.05.31	0.61945	0.65283	0.61855	0.65035	179692	0	1
2020.06.07	0.65167	0.65844	0.63939	0.64504	190863	0	1
2020.06.14	0.64421	0.65068	0.63811	0.64067	194305	0	1
2020.06.21	0.63851	0.65333	0.63837	0.64219	164011	0	1
2020.06.28	0.64052	0.65376	0.63852	0.65335	125962	0	1
2020.07.05	0.65236	0.66007	0.65195	0.65705	133253	0	1
2020.07.12	0.65681	0.65936	0.65030	0.65560	129345	0	1
2020.07.19	0.65499	0.66898	0.65386	0.66423	123430	0	1
2020.07.26	0.66289	0.67155	0.66201	0.66275	146611	0	1
2020.08.02	0.66244	0.66906	0.65753	0.66000	133382	0	1
2020.08.09	0.66054	0.66268	0.65251	0.65434	119097	0	1
2020.08.16	0.65439	0.66516	0.64888	0.65434	136699	0	1
2020.08.23	0.65298	0.67438	0.65152	0.67394	144044	0	1
2020.08.30	0.67301	0.67889	0.66675	0.67200	164878	0	1
2020.09.06	0.67141	0.67218	0.66012	0.66662	137894	0	1
2020.09.13	0.66596	0.67978	0.66578	0.67575	138625	0	1
2020.09.20	0.67645	0.67779	0.65116	0.65459	160027	0	1
2020.09.27	0.65440	0.66572	0.65397	0.66363	142127	0	1
2020.10.04	0.66341	0.66729	0.65470	0.66713	113031	0	1
2020.10.11	0.66542	0.66823	0.65761	0.66040	112925	0	1
2020.10.18	0.66057	0.67049	0.65529	0.66891	112220	0	1
2020.10.25	0.66758	0.67242	0.65968	0.66129	139211	0	1
2020.11.01	0.66035	0.68021	0.65892	0.67725	173949	0	1
2020.11.08	0.67863	0.69145	0.67829	0.68472	149764	0	1
2020.11.15	0.68369	0.69507	0.68369	0.69316	119716	0	1
2020.11.22	0.69260	0.70394	0.68969	0.70196	106433	0	1
2020.11.29	0.70271	0.71043	0.70090	0.70394	116270	0	1
2020.12.06	0.70426	0.71136	0.70058	0.70890	123658	0	1
2020.12.13	0.71000	0.71715	0.70540	0.71405	108541	0	1
2020.12.20	0.71119	0.71251	0.70027	0.71076	110595	0	1
2020.12.27	0.71104	0.72410	0.70835	0.71848	92329	0	1
2021.01.03	0.71894	0.73154	0.71530	0.72382	205200	0	1
2021.01.10	0.72262	0.72402	0.71190	0.71302	164577	0	1
2021.01.17	0.71362	0.72253	0.70963	0.71810	143886	0	1
2021.01.24	0.71731	0.72475	0.71056	0.71816	186765	0	1
2021.01.31	0.71627	0.72253	0.71350	0.72024	158648	0	1
2021.02.07	0.71880	0.72543	0.71756	0.72202	129589	0	1
2021.02.14	0.72086	0.73147	0.71577	0.72967	142302	0	1
2021.02.21	0.72917	0.74645	0.72232	0.72325	199255	0	1
2021.02.28	0.72336	0.73069	0.71004	0.71636	188657	0	1
2021.03.07	0.71660	0.72407	0.71026	0.71779	168017	0	1
2021.03.14	0.71688	0.72694	0.71425	0.71654	139329	0	1
2021.03.21	0.71402	0.71827	0.69431	0.69993	116583	0	1
2021.03.28	0.69920	0.70474	0.69452	0.70248	89956	0	1
2021.04.04	0.70243	0.70695	0.69972	0.70349	102083	0	1
2021.04.11	0.70298	0.71804	0.70039	0.71446	115161	0	1
2021.04.18	0.71296	0.72297	0.71221	0.71965	111988	0	1
2021.04.25	0.71892	0.72867	0.71508	0.71585	112338	0	1
2021.05.02	0.71718	0.72994	0.71157	0.72819	118014	0	1
2021.05.09	0.72837	0.73051	0.71348	0.72532	133192	0	1
2021.05.16	0.72342	0.72710	0.71516	0.71624	119237	0	1
2021.05.23	0.71700	0.73164	0.71582	0.72482	129067	0	1
2021.05.30	0.72550	0.72879	0.71259	0.72106	109032	0	1
2021.06.06	0.71948	0.72425	0.71159	0.71273	101683	0	1
2021.06.13	0.71318	0.71606	0.69232	0.69301	138962	0	1
2021.06.20	0.69362	0.70955	0.69307	0.70688	126794	0	1
2021.06.27	0.70578	0.70864	0.69472	0.70304	120527	0	1
2021.07.04	0.70260	0.71052	0.69230	0.69993	142166	0	1
2021.07.11	0.69976	0.70444	0.69174	0.70012	138598	0	1
2021.07.18	0.70013	0.70036	0.68810	0.69776	141459	0	1
2021.07.25	0.69666	0.70212	0.69015	0.69759	138198	0	1
2021.08.01	0.69611	0.70886	0.69523	0.70114	124978	0	1
2021.08.08	0.70045	0.70617	0.69688	0.70385	112398	0	1
2021.08.15	0.70410	0.70440	0.68056	0.68372	135069	0	1
2021.08.22	0.68197	0.70187	0.68188	0.70114	117159	0	1
2021.08.29	0.69989	0.71700	0.69867	0.71509	116811	0	1
2021.09.05	0.71558	0.71585	0.70760	0.71113	142155	0	1
2021.09.12	0.71099	0.71509	0.70256	0.70351	145280	0	1
2021.09.19	0.70330	0.70931	0.69816	0.70137	170791	0	1
2021.09.26	0.70022	0.70332	0.68593	0.69381	207491	0	1
2021.10.03	0.69363	0.69817	0.68762	0.69282	217702	0	2
2021.10.10	0.69175	0.70770	0.69114	0.70747	178633	0	2
2021.10.17	0.70672	0.72184	0.70492	0.71486	192592	0	2
2021.10.24	0.71419	0.72169	0.71300	0.71659	193006	0	2
2021.10.31	0.71576	0.71978	0.70724	0.71194	219111	0	2
2021.11.07	0.71118	0.71768	0.69966	0.70403	189894	0	2
2021.11.14	0.70408	0.70805	0.69798	0.69961	178811	0	2
2021.11.21	0.69933	0.70137	0.68047	0.68155	211498	0	2
2021.11.28	0.68244	0.68676	0.67410	0.67461	252203	0	2
2021.12.05	0.67503	0.68231	0.67364	0.67973	178316	0	2
2021.12.12	0.67978	0.68336	0.67018	0.67354	182808	0	2
2021.12.19	0.67417	0.68415	0.67021	0.68098	177771	0	2
2021.12.26	0.68030	0.68566	0.67887	0.68458	134910	0	2
2022.01.02	0.68264	0.68563	0.67332	0.67749	156116	0	2
2022.01.09	0.67737	0.68905	0.67357	0.68113	170027	0	2
2022.01.16	0.68050	0.68180	0.67077	0.67122	201918	0	2
2022.01.23	0.67132	0.67275	0.65294	0.65462	237493	0	2
2022.01.30	0.65405	0.66833	0.65385	0.66143	172507	0	2
2022.02.06	0.66081	0.67323	0.65990	0.66457	185954	0	2
2022.02.13	0.66333	0.67296	0.65925	0.66945	192061	0	2
2022.02.20	0.66895	0.68092	0.66305	0.67444	280818	0	2
2022.02.27	0.66792	0.68719	0.66757	0.68606	259738	0	2
2022.03.06	0.68508	0.69253	0.67962	0.68064	223835	0	2
2022.03.13	0.68081	0.69131	0.67284	0.69055	172112	0	2
2022.03.20	0.68963	0.69885	0.68642	0.69568	175719	0	2
2022.03.27	0.69459	0.69983	0.68762	0.69177	215439	0	2
2022.04.03	0.69191	0.70340	0.68221	0.68477	188552	0	2
2022.04.10	0.68477	0.69013	0.67549	0.67640	193400	0	2
2022.04.17	0.67662	0.68132	0.66257	0.66346	205312	0	2
2022.04.24	0.66346	0.66453	0.64518	0.64569	246409	0	2
2022.05.01	0.64581	0.65683	0.63931	0.64049	269834	0	2
2022.05.08	0.63993	0.64018	0.62164	0.62892	338179	0	2
2022.05.15	0.62700	0.64170	0.62288	0.64102	298529	0	2
2022.05.22	0.63950	0.65496	0.63863	0.65346	275734	0	2
2022.05.29	0.65248	0.65761	0.64601	0.65056	236859	0	2
2022.06.05	0.65057	0.65366	0.63482	0.63533	253137	0	2
2022.06.12	0.63452	0.63955	0.61964	0.63131	404033	0	2
2022.06.19	0.62992	0.63638	0.62438	0.63134	295206	0	2
2022.06.26	0.63062	0.63268	0.61478	0.62031	317935	0	2
2022.07.03	0.61867	0.62519	0.61247	0.61881	325301	0	2
2022.07.10	0.61731	0.61924	0.60604	0.61561	356028	0	2
2022.07.17	0.61506	0.63042	0.61410	0.62439	304037	0	2
2022.07.24	0.62454	0.63275	0.61916	0.62908	274244	0	2
2022.07.31	0.62726	0.63524	0.62123	0.62424	272638	0	2
2022.08.07	0.62424	0.64682	0.62301	0.64539	228507	0	2
2022.08.14	0.64433	0.64563	0.61658	0.61743	238014	0	2
2022.08.21	0.61741	0.62508	0.61330	0.61348	233270	0	2
2022.08.28	0.61240	0.61938	0.60501	0.61120	248981	0	4
2022.09.04	0.60801	0.61521	0.59961	0.61038	232106	0	4
2022.09.11	0.60842	0.61609	0.59398	0.59897	214602	0	3
2022.09.18	0.59869	0.60017	0.57300	0.57435	254420	0	3
2022.09.25	0.57401	0.57545	0.55649	0.55942	393927	0	3
2022.10.02	0.55996	0.58135	0.55969	0.56030	325016	0	4
2022.10.09	0.56045	0.56813	0.55116	0.55585	521537	0	4
2022.10.16	0.55659	0.57703	0.55510	0.57566	519396	0	5
2022.10.23	0.57721	0.58729	0.56563	0.58130	533736	0	5
2022.10.30	0.57983	0.59423	0.57403	0.59289	490183	0	3
2022.11.06	0.58734	0.61293	0.58403	0.61171	540861	0	5
2022.11.13	0.60986	0.62059	0.60612	0.61495	563840	0	5
2022.11.20	0.61532	0.62889	0.60857	0.62472	385299	0	5
2022.11.27	0.62172	0.64134	0.61557	0.64086	482383	0	5
2022.12.04	0.63909	0.64423	0.63021	0.64159	398168	0	5
2022.12.11	0.64056	0.65134	0.63173	0.63776	452265	0	3
2022.12.18	0.63770	0.64091	0.62304	0.62859	440240	0	5
2022.12.25	0.62954	0.63726	0.62573	0.63502	276631	0	5
2023.01.01	0.63397	0.63617	0.61909	0.63461	426804	0	5
2023.01.08	0.63323	0.64173	0.63062	0.63834	441868	0	5
2023.01.15	0.63770	0.65300	0.63609	0.64707	431639	0	5
2023.01.22	0.64682	0.65253	0.64374	0.64921	376360	0	5
2023.01.29	0.64817	0.65380	0.63229	0.63260	437619	0	5
2023.02.05	0.63086	0.63891	0.62700	0.63098	391310	0	3
2023.02.12	0.63077	0.63897	0.61936	0.62418	404130	0	5
2023.02.19	0.62334	0.62621	0.61510	0.61647	353712	0	5
2023.02.26	0.61644	0.62756	0.61307	0.62217	329466	0	5
2023.03.05	0.62144	0.62253	0.60839	0.61330	380999	0	5
2023.03.12	0.61395	0.62768	0.61259	0.62655	572663	0	5
2023.03.19	0.62792	0.62941	0.61666	0.62017	380971	0	5
2023.03.26	0.61945	0.62973	0.61806	0.62549	254293	0	3
2023.04.02	0.62545	0.63795	0.62075	0.62513	252670	0	3
2023.04.09	0.62419	0.63145	0.61809	0.62091	239966	0	5
2023.04.16	0.62005	0.62257	0.61262	0.61388	213474	0	5
2023.04.23	0.61361	0.61873	0.61116	0.61824	251875	0	5
2023.04.30	0.61691	0.63157	0.61583	0.62940	297623	0	5
2023.05.07	0.62873	0.63843	0.61820	0.61906	234597	0	5
2023.05.14	0.61886	0.63050	0.61865	0.62734	233183	0	5
2023.05.21	0.62583	0.63023	0.60328	0.60467	278128	0	5
2023.05.28	0.60393	0.61108	0.59849	0.60568	241166	0	5
2023.06.04	0.60591	0.61388	0.60306	0.61288	227954	0	5
2023.06.11	0.61135	0.62472	0.61055	0.62344	252682	0	5
2023.06.18	0.62225	0.62364	0.61167	0.61427	296673	0	5
2023.06.25	0.61368	0.62003	0.60502	0.61354	287083	0	5
2023.07.02	0.61272	0.62195	0.61248	0.62094	274528	0	5
2023.07.09	0.61935	0.64116	0.61663	0.63698	306526	0	5
2023.07.16	0.63569	0.63682	0.61637	0.61674	333677	0	5
2023.07.23	0.61702	0.62731	0.61204	0.61551	362623	0	5
2023.07.30	0.61551	0.62253	0.60598	0.60968	312271	0	5
2023.08.06	0.60960	0.61179	0.59746	0.59845	274916	0	3
2023.08.13	0.59820	0.59963	0.59028	0.59232	314962	0	5
2023.08.20	0.59232	0.59850	0.58857	0.59015	282113	0	5
2023.08.27	0.58956	0.60148	0.58870	0.59414	320147	0	5
2023.09.03	0.59360	0.59607	0.58587	0.58839	360972	0	80
2023.09.10	0.58908	0.59443	0.58782	0.58991	420319	0	80
2023.09.17	0.58955	0.59885	0.58943	0.59603	374480	0	80
2023.09.24	0.59576	0.60486	0.58993	0.59978	434198	0	80
2023.10.01	0.59833	0.60077	0.58706	0.59884	499049	0	80
2023.10.08	0.59676	0.60551	0.58830	0.58847	572481	0	80
2023.10.15	0.59118	0.59293	0.58154	0.58271	500614	0	80
2023.10.22	0.58169	0.58721	0.57730	0.58092	474278	0	80
2023.10.29	0.58065	0.60003	0.57886	0.59935	488386	0	80
2023.11.05	0.59922	0.60015	0.58778	0.58898	408785	0	80
2023.11.12	0.58868	0.60541	0.58634	0.59919	400407	0	80
2023.11.19	0.59802	0.60890	0.59761	0.60827	391580	0	80
2023.11.26	0.60787	0.62088	0.60607	0.62087	501147	0	80
2023.12.03	0.61946	0.62221	0.61035	0.61194	402670	0	3
2023.12.10	0.61175	0.62493	0.60839	0.62090	348251	0	5
2023.12.17	0.62037	0.63178	0.61847	0.62960	324650	0	5
2023.12.24	0.62971	0.63691	0.62829	0.63188	226001	0	5
2023.12.31	0.63159	0.63237	0.61806	0.62425	298799	0	5
2024.01.07	0.62349	0.62776	0.61954	0.62396	320110	0	5
2024.01.14	0.62363	0.62418	0.60879	0.61155	336019	0	5
2024.01.21	0.61101	0.61484	0.60614	0.60902	314411	0	3
2024.01.28	0.60903	0.61734	0.60582	0.60647	335346	0	5
2024.02.04	0.60653	0.61582	0.60381	0.61513	309279	0	3
2024.02.11	0.61448	0.61517	0.60494	0.61249	309331	0	5
2024.02.18	0.61171	0.62178	0.61171	0.61966	276855	0	1
2024.02.25	0.61929	0.61948	0.60756	0.61064	294409	0	3
2024.03.03	0.61077	0.62165	0.60684	0.61756	301507	0	4
2024.03.10	0.61731	0.61840	0.60806	0.60850	283608	0	5
2024.03.17	0.60862	0.61065	0.59890	0.59932	273137	0	4
2024.03.24	0.59940	0.60304	0.59560	0.59765	198904	0	5
2024.03.31	0.59780	0.60463	0.59391	0.60111	246136	0	3
2024.04.07	0.60073	0.60827	0.59334	0.59365	307414	0	5
2024.04.14	0.59330	0.59532	0.58518	0.58876	385601	0	5
2024.04.21	0.58827	0.59692	0.58801	0.59398	290111	0	3
2024.04.28	0.59420	0.60482	0.58736	0.60101	282387	0	4
2024.05.05	0.60127	0.60398	0.59807	0.60185	179995	0	3
2024.05.12	0.60110	0.61402	0.59943	0.61344	222404	0	0
2024.05.19	0.61244	0.61523	0.60827	0.61208	246657	0	5
2024.05.26	0.61161	0.61700	0.60885	0.61444	246800	0	3
2024.06.02	0.61309	0.62147	0.61016	0.61040	309094	0	3
2024.06.09	0.61005	0.62217	0.60992	0.61416	238873	0	3
2024.06.16	0.61251	0.61480	0.60967	0.61177	179263	0	5
2024.06.23	0.61090	0.61400	0.60573	0.60903	231862	0	5
2024.06.30	0.60935	0.61487	0.60473	0.61448	243234	0	4
2024.07.07	0.61332	0.61534	0.60647	0.61180	240748	0	3
2024.07.14	0.61056	0.61094	0.60053	0.60078	263669	0	4
2024.07.21	0.60089	0.60277	0.58796	0.58887	263299	0	5
2024.07.28	0.58865	0.59843	0.58574	0.59569	320589	0	3
2024.08.04	0.59529	0.60347	0.58495	0.59983	486515	0	5
2024.08.11	0.59950	0.60836	0.59740	0.60532	273923	0	3
2024.08.18	0.60407	0.62362	0.60407	0.62346	273472	0	4
2024.08.25	0.62230	0.62988	0.61934	0.62483	241515	0	4
2024.09.01	0.62360	0.62539	0.61557	0.61730	244291	0	5
2024.09.08	0.61731	0.61936	0.61059	0.61572	258146	0	3
2024.09.15	0.61539	0.62684	0.61539	0.62365	300723	0	5
2024.09.22	0.62233	0.63669	0.62230	0.63405	310753	0	4
2024.09.29	0.63350	0.63783	0.61452	0.61588	335408	0	4
2024.10.06	0.61503	0.61732	0.60524	0.61079	293732	0	5
2024.10.13	0.60925	0.61057	0.60393	0.60709	243330	0	4
2024.10.20	0.60684	0.60837	0.59738	0.59757	223714	0	5
2024.10.27	0.59722	0.60013	0.59395	0.59628	262893	0	5
2024.11.03	0.59960	0.60375	0.59117	0.59664	385961	0	5
2024.11.10	0.59461	0.59772	0.58389	0.58627	324563	0	5
2024.11.17	0.58604	0.59217	0.58161	0.58349	290930	0	5
2024.11.24	0.58488	0.59286	0.57967	0.59224	297770	0	5
2024.12.01	0.59090	0.59146	0.58209	0.58301	278170	0	6
2024.12.08	0.58337	0.58877	0.57534	0.57617	272567	0	6
2024.12.15	0.57568	0.57928	0.56075	0.56557	273760	0	8
2024.12.22	0.56443	0.56609	0.56134	0.56316	150231	0	8
2024.12.29	0.56288	0.56642	0.55850	0.56114	170039	0	5
2025.01.05	0.56108	0.56924	0.55426	0.55523	261491	0	5
2025.01.12	0.55480	0.56508	0.55412	0.55817	244319	0	5
2025.01.19	0.55905	0.57232	0.55791	0.57110	275891	0	5
2025.01.26	0.56941	0.57049	0.56220	0.56333	274345	0	5
2025.02.02	0.55825	0.57021	0.55160	0.56553	297801	0	5
2025.02.09	0.56343	0.57379	0.56001	0.57310	218310	0	5
2025.02.16	0.57138	0.57724	0.56776	0.57408	203634	0	5
2025.02.23	0.57366	0.57698	0.55849	0.55960	248027	0	5
2025.03.02	0.55977	0.57592	0.55931	0.57102	328236	0	7
2025.03.09	0.57137	0.57553	0.56773	0.57501	257329	0	5
2025.03.16	0.57411	0.58310	0.57226	0.57305	191105	0	7
2025.03.23	0.57300	0.57623	0.57094	0.57141	193971	0	7
2025.03.30	0.57153	0.58529	0.55513	0.55937	333976	0	7
2025.04.06	0.55719	0.58394	0.54848	0.58210	630609	0	7
2025.04.13	0.58130	0.59777	0.58126	0.59340	405302	0	7
2025.04.20	0.59227	0.60287	0.59210	0.59596	258561	0	7
2025.04.27	0.59514	0.59864	0.58935	0.59447	218781	0	7
2025.05.04	0.59379	0.60227	0.58704	0.59057	230608	0	7
2025.05.11	0.59186	0.59686	0.58464	0.58760	221015	0	7
2025.05.18	0.58846	0.59893	0.58704	0.59827	208182	0	7
2025.05.25	0.59777	0.60312	0.59236	0.59671	211658	0	7
2025.06.01	0.59563	0.60799	0.59559	0.60151	205606	0	7
2025.06.08	0.60037	0.60710	0.59949	0.60154	220295	0	7
2025.06.15	0.60018	0.60876	0.59589	0.59650	219291	0	7
2025.06.22	0.59448	0.60780	0.58827	0.60558	225503	0	7
2025.06.29	0.60414	0.61201	0.60300	0.60535	195034	0	7
2025.07.06	0.60489	0.60585	0.59757	0.60072	193300	0	7
2025.07.13	0.59964	0.60143	0.59044	0.59591	180137	0	7
2025.07.20	0.59661	0.60590	0.59384	0.60140	172963	0	7
2025.07.27	0.60080	0.60324	0.58563	0.59193	228485	0	7
2025.08.03	0.59039	0.59717	0.58810	0.59493	191083	0	7
2025.08.10	0.59523	0.59956	0.59071	0.59202	186337	0	7
2025.08.17	0.59162	0.59424	0.57996	0.58666	196764	0	7
2025.08.24	0.58614	0.59054	0.58178	0.58951	186467	0	7
2025.08.31	0.58823	0.59176	0.58325	0.58922	193300	0	7
2025.09.07	0.58822	0.59795	0.58714	0.59550	161932	0	7
2025.09.14	0.59384	0.60070	0.58533	0.58553	182879	0	7
2025.09.21	0.58563	0.58712	0.57540	0.57723	160402	0	7
2025.09.28	0.57669	0.58427	0.57668	0.58311	171069	0	5
2025.10.05	0.58103	0.58448	0.57144	0.57201	166324	0	5
2025.10.12	0.57302	0.57553	0.56823	0.57244	191448	0	5
2025.10.19	0.57184	0.57703	0.57096	0.57461	159925	0	5
2025.10.26	0.57700	0.58012	0.57136	0.57247	168309	0	5
2025.11.02	0.57115	0.57298	0.56060	0.56261	159124	0	5
2025.11.09	0.56187	0.56912	0.56186	0.56790	168899	0	5
2025.11.16	0.56719	0.56886	0.55776	0.56106	213696	0	5
2025.11.23	0.56053	0.57436	0.55911	0.57335	225300	0	5
2025.11.30	0.57231	0.57869	0.57108	0.57740	148434	0	5
2025.12.07	0.57702	0.58311	0.57584	0.58017	200062	0	5
2025.12.14	0.57949	0.58083	0.57358	0.57542	221257	0	5
2025.12.21	0.57481	0.58530	0.57412	0.58267	144112	0	5
2025.12.28	0.58211	0.58335	0.57398	0.57695	156784	0	5
2026.01.04	0.57593	0.58103	0.57108	0.57297	240915	0	5
2026.01.11	0.57225	0.57817	0.57219	0.57509	207745	0	5
2026.01.18	0.57404	0.59510	0.57388	0.59488	222217	0	5
2026.01.25	0.59443	0.60923	0.59428	0.60188	352680	0	5
2026.02.01	0.60087	0.60630	0.59280	0.60170	348850	0	5
2026.02.08	0.60189	0.60758	0.59969	0.60397	265514	0	5
2026.02.15	0.60237	0.60526	0.59376	0.59756	226712	0	5
2026.02.22	0.59738	0.60126	0.59423	0.59951	231211	0	5
2026.03.01	0.59476	0.59945	0.58357	0.58979	458963	0	5
2026.03.08	0.58620	0.59642	0.57738	0.57747	403365	0	5
2026.03.15	0.57857	0.58924	0.57728	0.58284	322666	0	5
2026.03.22	0.58136	0.58871	0.57377	0.57465	407663	0	5
2026.03.29	0.57440	0.57773	0.56976	0.57165	245225	0	5
