date	time	open	high	low	close	tickvol	vol	spread
2025.12.01	01:00:00	25423.06	25472.96	25392.86	25415.76	9144	0	188
2025.12.01	02:00:00	25415.96	25418.95	25256.65	25270.15	16205	0	180
2025.12.01	03:00:00	25269.65	25293.55	25214.75	25266.85	17046	0	170
2025.12.01	04:00:00	25266.95	25276.25	25217.05	25231.85	11769	0	160
2025.12.01	05:00:00	25230.95	25233.45	25187.65	25208.55	10154	0	160
2025.12.01	06:00:00	25208.85	25214.85	25176.55	25179.65	8376	0	150
2025.12.01	07:00:00	25180.15	25206.25	25143.05	25201.15	10402	0	160
2025.12.01	08:00:00	25200.65	25219.95	25181.75	25217.45	8849	0	150
2025.12.01	09:00:00	25217.65	25233.55	25187.55	25228.15	9106	0	150
2025.12.01	10:00:00	25228.25	25291.75	25217.45	25257.75	12746	0	170
2025.12.01	11:00:00	25257.55	25289.95	25221.75	25230.35	12387	0	170
2025.12.01	12:00:00	25230.45	25282.45	25230.45	25262.25	10806	0	160
2025.12.01	13:00:00	25261.35	25266.35	25229.25	25244.75	10878	0	160
2025.12.01	14:00:00	25244.65	25256.35	25160.25	25174.75	13619	0	170
2025.12.01	15:00:00	25174.55	25219.85	25163.95	25215.35	12532	0	170
2025.12.01	16:00:00	25213.75	25328.75	25158.75	25311.25	19423	0	60
2025.12.01	17:00:00	25311.25	25369.25	25217.45	25362.45	24123	0	100
2025.12.01	18:00:00	25365.25	25400.15	25272.75	25384.65	20598	0	60
2025.12.01	19:00:00	25384.55	25445.15	25363.95	25400.35	17643	0	60
2025.12.01	20:00:00	25400.15	25442.45	25396.45	25436.45	13965	0	60
2025.12.01	21:00:00	25434.65	25437.45	25304.25	25321.65	18027	0	60
2025.12.01	22:00:00	25321.35	25368.85	25313.05	25350.85	17820	0	60
2025.12.01	23:00:00	25348.85	25357.76	25330.56	25350.16	5823	0	100
2025.12.02	01:00:00	25360.86	25374.86	25328.76	25348.46	6186	0	168
2025.12.02	02:00:00	25348.96	25367.95	25334.05	25358.65	8616	0	130
2025.12.02	03:00:00	25358.15	25394.35	25350.45	25363.35	10311	0	130
2025.12.02	04:00:00	25362.55	25382.15	25336.25	25374.15	7332	0	140
2025.12.02	05:00:00	25373.95	25376.15	25298.75	25340.55	8786	0	140
2025.12.02	06:00:00	25340.75	25350.15	25316.95	25321.75	5826	0	140
2025.12.02	07:00:00	25322.55	25333.75	25310.05	25323.25	6737	0	140
2025.12.02	08:00:00	25321.65	25336.55	25284.75	25318.95	7375	0	140
2025.12.02	09:00:00	25319.05	25336.95	25300.65	25308.15	6735	0	150
2025.12.02	10:00:00	25307.75	25376.45	25274.75	25370.75	11358	0	150
2025.12.02	11:00:00	25370.85	25400.75	25368.45	25391.75	8784	0	150
2025.12.02	12:00:00	25391.25	25449.45	25386.55	25439.55	7006	0	140
2025.12.02	13:00:00	25439.85	25458.25	25428.05	25431.35	7271	0	140
2025.12.02	14:00:00	25431.05	25449.95	25408.15	25448.75	9256	0	150
2025.12.02	15:00:00	25448.85	25464.25	25431.15	25456.35	8972	0	140
2025.12.02	16:00:00	25456.65	25562.65	25422.15	25547.35	18361	0	60
2025.12.02	17:00:00	25547.45	25619.95	25482.85	25597.95	22563	0	100
2025.12.02	18:00:00	25599.15	25613.55	25364.95	25459.45	23741	0	100
2025.12.02	19:00:00	25459.35	25572.65	25454.95	25456.55	19337	0	60
2025.12.02	20:00:00	25456.65	25537.35	25447.35	25527.45	19675	0	60
2025.12.02	21:00:00	25527.65	25592.75	25513.85	25584.05	17776	0	60
2025.12.02	22:00:00	25583.85	25596.85	25541.65	25549.95	15937	0	60
2025.12.02	23:00:00	25550.45	25556.86	25537.66	25542.16	5136	0	100
2025.12.03	01:00:00	25567.86	25584.16	25562.16	25574.96	2734	0	148
2025.12.03	02:00:00	25575.16	25590.25	25527.45	25577.95	10031	0	150
2025.12.03	03:00:00	25579.95	25600.25	25575.85	25590.95	7931	0	140
2025.12.03	04:00:00	25591.45	25624.75	25588.05	25606.25	6151	0	130
2025.12.03	05:00:00	25606.45	25626.55	25594.15	25619.25	4780	0	130
2025.12.03	06:00:00	25618.95	25624.15	25608.75	25610.95	3015	0	130
2025.12.03	07:00:00	25611.15	25626.65	25606.95	25611.45	3851	0	130
2025.12.03	08:00:00	25611.65	25616.15	25589.05	25608.65	5422	0	130
2025.12.03	09:00:00	25608.85	25627.85	25594.65	25602.25	4841	0	140
2025.12.03	10:00:00	25602.15	25618.35	25564.35	25610.95	10000	0	150
2025.12.03	11:00:00	25609.95	25612.25	25565.05	25588.75	9202	0	150
2025.12.03	12:00:00	25588.65	25601.65	25556.85	25575.35	6613	0	140
2025.12.03	13:00:00	25576.65	25595.65	25561.45	25585.25	6706	0	140
2025.12.03	14:00:00	25585.45	25615.05	25565.95	25606.05	6859	0	140
2025.12.03	15:00:00	25605.85	25628.05	25591.25	25599.95	8706	0	140
2025.12.03	16:00:00	25600.05	25603.95	25372.55	25448.25	24553	0	100
2025.12.03	17:00:00	25447.65	25556.65	25441.75	25514.15	23613	0	100
2025.12.03	18:00:00	25514.65	25572.75	25473.55	25512.05	21276	0	60
2025.12.03	19:00:00	25512.35	25588.45	25506.85	25578.55	17476	0	60
2025.12.03	20:00:00	25578.65	25607.35	25561.55	25582.05	13048	0	60
2025.12.03	21:00:00	25579.55	25625.35	25579.35	25623.45	11087	0	60
2025.12.03	22:00:00	25623.55	25638.85	25594.95	25611.25	12848	0	60
2025.12.03	23:00:00	25611.55	25614.46	25589.56	25590.26	4533	0	100
2025.12.04	01:00:00	25603.76	25612.16	25593.26	25602.36	2526	0	148
2025.12.04	02:00:00	25602.45	25619.85	25577.35	25587.55	6935	0	130
2025.12.04	03:00:00	25587.45	25617.15	25583.05	25595.85	7978	0	140
2025.12.04	04:00:00	25596.15	25610.15	25574.75	25603.55	6328	0	130
2025.12.04	05:00:00	25603.85	25604.05	25568.75	25585.65	5505	0	130
2025.12.04	06:00:00	25586.15	25597.65	25574.15	25594.45	3915	0	130
2025.12.04	07:00:00	25594.35	25604.05	25583.75	25594.65	4513	0	130
2025.12.04	08:00:00	25594.75	25617.05	25594.35	25609.65	4134	0	130
2025.12.04	09:00:00	25609.45	25624.35	25606.05	25611.15	4294	0	130
2025.12.04	10:00:00	25610.95	25612.35	25558.25	25588.95	11037	0	140
2025.12.04	11:00:00	25588.85	25646.75	25566.25	25638.85	9246	0	140
2025.12.04	12:00:00	25639.15	25645.85	25595.75	25598.75	7108	0	140
2025.12.04	13:00:00	25599.15	25611.55	25581.35	25610.45	8179	0	150
2025.12.04	14:00:00	25609.95	25628.75	25607.05	25613.55	7104	0	140
2025.12.04	15:00:00	25613.35	25620.75	25573.45	25586.45	9337	0	140
2025.12.04	16:00:00	25586.65	25686.55	25495.75	25509.85	20669	0	60
2025.12.04	17:00:00	25509.75	25593.75	25476.35	25524.65	23405	0	100
2025.12.04	18:00:00	25524.85	25605.05	25461.55	25597.45	20746	0	60
2025.12.04	19:00:00	25597.05	25606.45	25541.35	25572.95	17097	0	60
2025.12.04	20:00:00	25572.85	25587.55	25530.05	25559.25	14480	0	60
2025.12.04	21:00:00	25559.05	25567.45	25444.45	25544.95	18463	0	60
2025.12.04	22:00:00	25544.55	25587.25	25507.45	25581.55	17851	0	60
2025.12.04	23:00:00	25581.75	25592.16	25571.66	25581.76	4487	0	100
2025.12.05	01:00:00	25599.16	25600.26	25566.66	25580.56	4252	0	148
2025.12.05	02:00:00	25579.16	25614.65	25569.55	25612.45	8123	0	140
2025.12.05	03:00:00	25612.95	25641.75	25611.65	25639.75	7455	0	130
2025.12.05	04:00:00	25639.85	25670.75	25637.45	25647.25	5213	0	130
2025.12.05	05:00:00	25646.95	25664.85	25641.25	25658.75	4588	0	130
2025.12.05	06:00:00	25658.25	25675.15	25655.65	25670.25	4535	0	130
2025.12.05	07:00:00	25670.15	25682.05	25665.95	25681.55	3890	0	130
2025.12.05	08:00:00	25681.25	25688.25	25661.95	25670.75	4275	0	130
2025.12.05	09:00:00	25670.55	25687.05	25664.05	25683.15	4125	0	130
2025.12.05	10:00:00	25683.75	25712.85	25679.55	25682.85	8256	0	140
2025.12.05	11:00:00	25682.15	25693.85	25664.35	25676.15	6636	0	130
2025.12.05	12:00:00	25675.85	25690.35	25670.45	25674.45	4593	0	130
2025.12.05	13:00:00	25674.25	25684.85	25662.75	25677.25	5125	0	130
2025.12.05	14:00:00	25677.15	25690.65	25647.15	25661.15	7391	0	140
2025.12.05	15:00:00	25660.95	25667.85	25538.25	25571.75	10944	0	140
2025.12.05	16:00:00	25572.05	25761.35	25569.55	25748.26	21553	0	60
2025.12.05	17:00:00	25748.16	25825.95	25674.95	25700.65	25494	0	60
2025.12.05	18:00:00	25700.85	25724.85	25609.65	25687.95	27232	0	60
2025.12.05	19:00:00	25688.15	25699.35	25623.55	25689.15	22082	0	60
2025.12.05	20:00:00	25688.65	25719.05	25660.75	25687.85	16643	0	60
2025.12.05	21:00:00	25687.95	25705.05	25664.25	25699.05	15869	0	60
2025.12.05	22:00:00	25698.75	25701.75	25639.05	25687.45	16557	0	60
2025.12.05	23:00:00	25687.55	25704.46	25684.56	25697.86	4377	0	100
2025.12.08	01:00:00	25701.86	25719.86	25683.56	25709.76	5709	0	158
2025.12.08	02:00:00	25709.46	25714.25	25664.55	25710.55	10867	0	140
2025.12.08	03:00:00	25710.75	25735.05	25707.05	25732.35	7702	0	130
2025.12.08	04:00:00	25732.15	25747.15	25726.25	25746.35	5111	0	130
2025.12.08	05:00:00	25746.45	25758.25	25741.05	25753.35	3741	0	130
2025.12.08	06:00:00	25753.45	25766.95	25751.35	25762.65	3075	0	130
2025.12.08	07:00:00	25762.75	25767.95	25754.95	25758.35	3650	0	130
2025.12.08	08:00:00	25758.25	25774.75	25749.75	25754.25	3555	0	130
2025.12.08	09:00:00	25753.65	25783.55	25742.05	25767.65	5039	0	130
2025.12.08	10:00:00	25767.75	25768.75	25731.25	25736.85	8899	0	150
2025.12.08	11:00:00	25737.45	25760.15	25731.95	25736.85	7117	0	140
2025.12.08	12:00:00	25736.65	25761.35	25724.95	25756.45	6592	0	140
2025.12.08	13:00:00	25756.65	25760.05	25734.25	25738.15	6261	0	140
2025.12.08	14:00:00	25736.65	25773.55	25727.75	25766.25	6431	0	130
2025.12.08	15:00:00	25766.65	25795.45	25747.45	25773.05	7875	0	140
2025.12.08	16:00:00	25772.75	25823.45	25686.55	25706.95	19716	0	60
2025.12.08	17:00:00	25707.15	25740.65	25613.05	25624.65	25427	0	100
2025.12.08	18:00:00	25624.55	25633.05	25590.75	25602.95	22736	0	60
2025.12.08	19:00:00	25603.35	25652.75	25557.25	25643.55	19715	0	60
2025.12.08	20:00:00	25643.45	25659.05	25529.05	25556.15	22295	0	60
2025.12.08	21:00:00	25553.85	25586.05	25531.75	25555.75	17923	0	60
2025.12.08	22:00:00	25555.35	25635.75	25546.45	25632.95	15560	0	60
2025.12.08	23:00:00	25633.05	25668.36	25619.76	25664.96	7622	0	60
2025.12.09	01:00:00	25683.66	25693.96	25658.56	25692.76	5309	0	148
2025.12.09	02:00:00	25692.56	25693.25	25677.45	25685.45	5779	0	130
2025.12.09	03:00:00	25685.35	25694.25	25651.25	25658.15	7773	0	140
2025.12.09	04:00:00	25657.95	25674.05	25641.35	25658.35	6439	0	140
2025.12.09	05:00:00	25658.25	25667.25	25651.45	25664.75	5591	0	130
2025.12.09	06:00:00	25664.25	25665.55	25649.35	25653.75	4460	0	130
2025.12.09	07:00:00	25654.15	25655.65	25629.05	25629.25	5563	0	130
2025.12.09	08:00:00	25629.65	25653.85	25613.05	25649.55	6344	0	130
2025.12.09	09:00:00	25648.65	25662.75	25642.15	25657.95	5976	0	130
2025.12.09	10:00:00	25656.35	25678.25	25648.65	25661.55	9648	0	140
2025.12.09	11:00:00	25661.45	25662.05	25616.35	25622.45	8813	0	140
2025.12.09	12:00:00	25622.65	25657.95	25567.95	25634.05	9837	0	140
2025.12.09	13:00:00	25633.75	25646.95	25596.65	25637.45	9509	0	150
2025.12.09	14:00:00	25638.45	25641.85	25611.35	25630.35	9123	0	150
2025.12.09	15:00:00	25630.25	25631.05	25573.25	25582.25	9681	0	150
2025.12.09	16:00:00	25582.05	25619.05	25526.45	25596.22	21581	0	120
2025.12.09	17:00:00	25595.92	25650.45	25584.45	25650.35	24314	0	120
2025.12.09	18:00:00	25650.05	25681.85	25634.55	25674.85	17179	0	120
2025.12.09	19:00:00	25675.35	25698.85	25654.65	25682.25	15709	0	120
2025.12.09	20:00:00	25682.15	25700.65	25655.75	25686.45	14623	0	120
2025.12.09	21:00:00	25686.75	25688.95	25648.25	25667.25	13272	0	120
2025.12.09	22:00:00	25665.95	25686.95	25653.15	25668.05	14380	0	120
2025.12.09	23:00:00	25668.75	25669.05	25641.36	25646.16	4136	0	120
2025.12.10	01:00:00	25651.36	25652.96	25637.66	25640.16	2850	0	148
2025.12.10	02:00:00	25640.25	25661.55	25618.45	25619.15	6415	0	130
2025.12.10	03:00:00	25618.95	25632.15	25607.95	25623.65	7650	0	130
2025.12.10	04:00:00	25623.85	25646.85	25622.65	25641.75	3930	0	130
2025.12.10	05:00:00	25641.85	25652.95	25631.95	25641.75	3995	0	130
2025.12.10	06:00:00	25641.85	25677.55	25641.85	25661.75	3497	0	130
2025.12.10	07:00:00	25661.65	25662.25	25636.65	25649.75	4935	0	130
2025.12.10	08:00:00	25649.95	25681.35	25649.25	25671.75	4504	0	130
2025.12.10	09:00:00	25671.15	25698.35	25666.35	25696.45	3809	0	130
2025.12.10	10:00:00	25697.75	25713.35	25673.65	25688.65	8790	0	130
2025.12.10	11:00:00	25689.35	25699.45	25671.75	25677.15	7968	0	140
2025.12.10	12:00:00	25677.25	25701.35	25583.65	25618.95	10819	0	150
2025.12.10	13:00:00	25617.45	25661.05	25607.15	25633.85	8869	0	150
2025.12.10	14:00:00	25633.75	25636.25	25595.85	25616.35	8234	0	140
2025.12.10	15:00:00	25616.65	25685.35	25613.05	25640.95	9743	0	150
2025.12.10	16:00:00	25640.85	25650.25	25535.65	25598.65	21940	0	120
2025.12.10	17:00:00	25598.95	25625.85	25520.15	25535.75	26253	0	120
2025.12.10	18:00:00	25535.85	25627.45	25498.15	25620.15	20379	0	120
2025.12.10	19:00:00	25619.65	25651.15	25585.35	25634.15	15145	0	120
2025.12.10	20:00:00	25634.35	25636.65	25564.65	25584.95	17314	0	120
2025.12.10	21:00:00	25584.75	25802.75	25574.95	25793.65	30290	0	120
2025.12.10	22:00:00	25793.45	25835.95	25757.75	25772.15	25803	0	120
2025.12.10	23:00:00	25771.95	25780.36	25727.76	25763.96	9040	0	120
2025.12.11	01:00:00	25733.86	25745.56	25687.96	25701.56	2996	0	148
2025.12.11	02:00:00	25701.26	25705.15	25643.35	25655.75	4650	0	140
2025.12.11	03:00:00	25655.55	25655.55	25623.55	25631.85	5786	0	140
2025.12.11	04:00:00	25631.25	25633.05	25495.85	25521.05	11228	0	160
2025.12.11	05:00:00	25521.15	25522.25	25356.15	25458.05	17833	0	180
2025.12.11	06:00:00	25457.75	25504.45	25448.15	25480.15	9410	0	150
2025.12.11	07:00:00	25480.45	25493.35	25455.75	25485.85	8167	0	150
2025.12.11	08:00:00	25486.15	25495.35	25443.95	25481.35	8755	0	160
2025.12.11	09:00:00	25481.55	25514.15	25446.85	25511.55	8245	0	150
2025.12.11	10:00:00	25511.25	25515.25	25445.95	25508.45	14253	0	170
2025.12.11	11:00:00	25507.85	25594.75	25500.95	25575.55	11861	0	160
2025.12.11	12:00:00	25576.65	25588.25	25552.05	25569.05	9320	0	150
2025.12.11	13:00:00	25569.25	25601.55	25563.15	25594.75	8730	0	140
2025.12.11	14:00:00	25593.65	25672.35	25589.25	25664.05	10975	0	160
2025.12.11	15:00:00	25664.25	25670.95	25604.15	25615.45	11558	0	150
2025.12.11	16:00:00	25615.95	25652.45	25372.75	25385.25	22224	0	120
2025.12.11	17:00:00	25385.35	25601.05	25362.75	25502.05	29343	0	120
2025.12.11	18:00:00	25503.05	25563.55	25430.65	25475.55	26865	0	120
2025.12.11	19:00:00	25475.15	25621.25	25470.05	25567.75	22276	0	120
2025.12.11	20:00:00	25566.85	25660.85	25557.35	25611.85	21064	0	120
2025.12.11	21:00:00	25611.15	25697.15	25610.05	25664.15	15854	0	120
2025.12.11	22:00:00	25664.05	25693.65	25635.15	25688.85	16653	0	120
2025.12.11	23:00:00	25689.25	25807.36	25682.66	25804.66	9820	0	120
2025.12.12	01:00:00	25686.96	25691.16	25628.16	25649.96	4118	0	168
2025.12.12	02:00:00	25650.05	25664.05	25620.75	25625.85	8826	0	150
2025.12.12	03:00:00	25626.05	25659.05	25625.35	25656.75	7218	0	140
2025.12.12	04:00:00	25656.65	25681.85	25653.55	25673.05	5812	0	130
2025.12.12	05:00:00	25673.15	25675.55	25642.75	25647.95	4468	0	130
2025.12.12	06:00:00	25647.55	25651.85	25632.45	25637.45	4335	0	130
2025.12.12	07:00:00	25636.95	25677.15	25636.45	25669.05	6455	0	130
2025.12.12	08:00:00	25669.15	25681.95	25654.75	25658.05	6275	0	130
2025.12.12	09:00:00	25656.95	25658.25	25635.95	25644.15	5819	0	140
2025.12.12	10:00:00	25645.65	25660.65	25630.15	25640.85	9746	0	150
2025.12.12	11:00:00	25640.95	25645.85	25540.55	25566.05	12332	0	160
2025.12.12	12:00:00	25564.65	25599.45	25543.95	25562.05	9621	0	150
2025.12.12	13:00:00	25562.25	25566.55	25511.15	25530.95	9589	0	150
2025.12.12	14:00:00	25531.15	25574.05	25516.55	25546.05	8900	0	150
2025.12.12	15:00:00	25545.75	25604.35	25537.45	25603.85	8868	0	140
2025.12.12	16:00:00	25603.55	25610.85	25480.35	25537.55	22581	0	120
2025.12.12	17:00:00	25537.65	25538.05	25197.65	25224.35	30181	0	120
2025.12.12	18:00:00	25224.55	25259.25	25101.55	25159.25	29785	0	120
2025.12.12	19:00:00	25158.65	25293.15	25147.05	25260.55	25436	0	120
2025.12.12	20:00:00	25261.95	25351.95	25246.65	25261.15	24192	0	120
2025.12.12	21:00:00	25261.95	25269.45	25199.25	25228.45	22397	0	120
2025.12.12	22:00:00	25228.25	25246.5	25129.55	25194.05	22533	0	120
2025.12.12	23:00:00	25194.25	25209.06	25183.16	25192.56	7097	0	120
2025.12.15	01:00:00	25165.26	25188.66	25121.76	25182.56	8734	0	168
2025.12.15	02:00:00	25182.06	25226.65	25175.25	25219.95	9135	0	140
2025.12.15	03:00:00	25219.75	25250.15	25207.05	25248.25	10527	0	140
2025.12.15	04:00:00	25248.15	25268.95	25239.85	25246.65	8069	0	140
2025.12.15	05:00:00	25246.85	25258.15	25230.75	25240.55	6605	0	130
2025.12.15	06:00:00	25240.85	25260.65	25218.95	25254.35	6028	0	130
2025.12.15	07:00:00	25254.05	25267.75	25240.45	25262.75	6244	0	130
2025.12.15	08:00:00	25262.65	25264.45	25234.95	25258.75	6586	0	140
2025.12.15	09:00:00	25258.95	25267.65	25222.85	25238.25	7298	0	140
2025.12.15	10:00:00	25237.75	25276.65	25216.45	25270.15	11837	0	160
2025.12.15	11:00:00	25269.85	25318.55	25259.75	25310.65	9565	0	150
2025.12.15	12:00:00	25310.75	25327.95	25302.75	25322.15	6855	0	130
2025.12.15	13:00:00	25321.95	25343.15	25313.65	25340.45	5548	0	130
2025.12.15	14:00:00	25340.35	25346.25	25309.55	25337.35	7959	0	130
2025.12.15	15:00:00	25337.65	25368.75	25322.25	25365.65	8416	0	130
2025.12.15	16:00:00	25365.25	25393.95	25199.75	25210.35	21056	0	120
2025.12.15	17:00:00	25210.65	25220.85	25020.75	25138.65	29800	0	120
2025.12.15	18:00:00	25138.35	25251.75	25105.05	25147.85	27192	0	120
2025.12.15	19:00:00	25148.65	25165.65	25063.05	25109.55	24745	0	120
2025.12.15	20:00:00	25109.05	25147.75	25059.35	25131.05	23418	0	120
2025.12.15	21:00:00	25131.55	25160.05	25086.05	25129.05	21794	0	120
2025.12.15	22:00:00	25128.25	25135.25	25061.35	25062.25	20212	0	120
2025.12.15	23:00:00	25061.75	25085.06	25056.06	25076.06	7063	0	120
2025.12.16	01:00:00	25099.76	25103.36	25018.66	25039.86	6992	0	158
2025.12.16	02:00:00	25039.66	25049.35	24974.55	24985.25	14902	0	160
2025.12.16	03:00:00	24985.15	24994.95	24845.65	24884.25	17901	0	160
2025.12.16	04:00:00	24885.75	24919.35	24858.65	24882.85	14960	0	170
2025.12.16	05:00:00	24882.45	24901.55	24836.75	24893.85	11768	0	150
2025.12.16	06:00:00	24892.85	24908.15	24854.85	24896.55	9970	0	150
2025.12.16	07:00:00	24896.35	24898.85	24839.15	24847.55	10633	0	150
2025.12.16	08:00:00	24848.45	24869.55	24838.95	24866.35	8914	0	150
2025.12.16	09:00:00	24868.05	24879.65	24809.25	24859.75	9719	0	150
2025.12.16	10:00:00	24859.85	24945.05	24858.85	24936.85	13359	0	170
2025.12.16	11:00:00	24934.45	24964.95	24900.65	24916.65	11237	0	160
2025.12.16	12:00:00	24916.85	25006.15	24901.85	24979.75	10501	0	160
2025.12.16	13:00:00	24979.45	25027.45	24969.95	25027.45	8939	0	160
2025.12.16	14:00:00	25027.35	25055.75	25014.65	25029.65	10545	0	160
2025.12.16	15:00:00	25029.35	25115.05	24975.65	24987.75	15661	0	170
2025.12.16	16:00:00	24988.05	25135.25	24943.65	25129.25	23698	0	120
2025.12.16	17:00:00	25128.85	25144.95	24917.95	25061.15	29732	0	120
2025.12.16	18:00:00	25060.35	25081.95	24952.65	25072.85	27511	0	120
2025.12.16	19:00:00	25074.25	25092.45	24932.95	24940.85	25483	0	120
2025.12.16	20:00:00	24936.85	25079.95	24914.85	25047.75	25536	0	120
2025.12.16	21:00:00	25048.15	25083.95	24960.35	25052.95	25017	0	120
2025.12.16	22:00:00	25053.15	25176.95	25046.25	25117.75	23780	0	120
2025.12.16	23:00:00	25117.15	25119.26	25053.06	25080.76	9246	0	120
2025.12.17	01:00:00	25068.56	25111.16	25044.86	25065.96	3748	0	178
2025.12.17	02:00:00	25065.66	25077.25	25016.25	25054.35	13445	0	160
2025.12.17	03:00:00	25055.15	25108.95	25055.15	25107.15	13378	0	170
2025.12.17	04:00:00	25106.75	25124.25	25077.75	25112.55	10399	0	160
2025.12.17	05:00:00	25112.75	25129.55	25091.25	25099.95	7858	0	160
2025.12.17	06:00:00	25100.45	25115.45	25061.05	25064.05	7631	0	150
2025.12.17	07:00:00	25064.25	25106.75	25041.55	25102.35	9087	0	150
2025.12.17	08:00:00	25102.45	25163.85	25101.45	25143.25	8521	0	150
2025.12.17	09:00:00	25143.55	25181.95	25131.45	25162.05	8416	0	160
2025.12.17	10:00:00	25162.35	25185.85	25137.75	25165.05	12606	0	170
2025.12.17	11:00:00	25162.95	25219.45	25152.45	25213.65	11005	0	160
2025.12.17	12:00:00	25212.65	25241.05	25205.25	25232.55	8769	0	150
2025.12.17	13:00:00	25232.65	25248.55	25216.85	25243.75	8361	0	160
2025.12.17	14:00:00	25243.55	25257.25	25223.55	25236.55	8190	0	140
2025.12.17	15:00:00	25236.25	25246.55	25148.35	25213.85	14181	0	150
2025.12.17	16:00:00	25213.95	25229.25	24995.55	25083.35	23773	0	120
2025.12.17	17:00:00	25083.45	25098.45	24787.05	24813.25	30238	0	120
2025.12.17	18:00:00	24811.95	24874.95	24740.95	24789.95	28874	0	120
2025.12.17	19:00:00	24789.75	24846.15	24737.85	24784.15	26365	0	120
2025.12.17	20:00:00	24785.15	24839.65	24699.25	24722.85	23528	0	120
2025.12.17	21:00:00	24722.25	24749.45	24687.05	24739.85	21703	0	120
2025.12.17	22:00:00	24739.95	24747.55	24652.55	24655.35	21728	0	120
2025.12.17	23:00:00	24655.25	24759.36	24655.25	24727.76	9683	0	120
2025.12.18	01:00:00	24747.16	24752.66	24692.06	24699.16	6697	0	168
2025.12.18	02:00:00	24699.25	24764.25	24668.25	24753.85	14502	0	170
2025.12.18	03:00:00	24754.05	24763.15	24717.85	24728.35	13354	0	170
2025.12.18	04:00:00	24728.05	24778.45	24722.95	24735.75	11308	0	160
2025.12.18	05:00:00	24735.45	24738.85	24669.45	24707.35	9773	0	160
2025.12.18	06:00:00	24707.45	24757.55	24705.65	24754.95	7254	0	150
2025.12.18	07:00:00	24753.65	24761.15	24732.25	24751.95	7871	0	150
2025.12.18	08:00:00	24751.75	24757.85	24720.85	24749.95	7205	0	150
2025.12.18	09:00:00	24750.45	24806.65	24748.85	24795.95	8768	0	160
2025.12.18	10:00:00	24796.25	24838.15	24773.55	24819.85	12301	0	160
2025.12.18	11:00:00	24817.85	24862.45	24796.05	24861.35	9581	0	160
2025.12.18	12:00:00	24862.15	24864.25	24830.65	24844.65	6808	0	150
2025.12.18	13:00:00	24844.75	24868.95	24839.35	24865.85	6713	0	140
2025.12.18	14:00:00	24865.55	24879.65	24850.55	24860.15	8771	0	140
2025.12.18	15:00:00	24859.95	25028.85	24830.05	24988.75	16827	0	160
2025.12.18	16:00:00	24987.55	25094.65	24927.05	25043.05	24449	0	120
2025.12.18	17:00:00	25042.55	25172.45	24940.65	25131.65	29228	0	120
2025.12.18	18:00:00	25131.45	25176.65	25109.15	25151.95	24466	0	120
2025.12.18	19:00:00	25150.45	25150.95	24950.55	25119.95	27808	0	120
2025.12.18	20:00:00	25120.55	25157.55	25083.35	25094.25	22651	0	120
2025.12.18	21:00:00	25094.55	25095.55	24951.35	24966.35	25524	0	120
2025.12.18	22:00:00	24965.35	25099.65	24949.85	25009.15	24474	0	120
2025.12.18	23:00:00	25008.65	25013.66	24953.56	24966.86	7821	0	120
2025.12.19	01:00:00	24998.86	25019.86	24968.26	25019.46	5590	0	168
2025.12.19	02:00:00	25020.36	25028.95	24983.95	25007.15	10458	0	160
2025.12.19	03:00:00	25006.55	25039.15	24974.85	25029.35	11326	0	160
2025.12.19	04:00:00	25027.95	25049.65	25012.75	25014.75	8517	0	160
2025.12.19	05:00:00	25014.55	25084.45	24999.45	25069.85	11560	0	160
2025.12.19	06:00:00	25069.65	25080.45	25049.55	25068.35	7729	0	150
2025.12.19	07:00:00	25067.75	25075.55	25045.05	25054.05	7627	0	140
2025.12.19	08:00:00	25054.25	25067.65	25029.65	25061.25	7845	0	140
2025.12.19	09:00:00	25061.35	25134.95	25060.95	25110.95	8612	0	160
2025.12.19	10:00:00	25110.35	25150.35	25103.35	25133.35	12154	0	160
2025.12.19	11:00:00	25133.25	25155.95	25118.85	25146.55	9725	0	150
2025.12.19	12:00:00	25146.45	25147.15	25117.55	25123.35	8800	0	140
2025.12.19	13:00:00	25123.75	25127.35	25079.05	25103.45	9277	0	150
2025.12.19	14:00:00	25103.55	25120.05	25042.05	25043.35	10878	0	160
2025.12.19	15:00:00	25043.15	25102.05	25036.35	25085.45	11133	0	160
2025.12.19	16:00:00	25086.15	25335.75	25061.35	25322.45	23531	0	120
2025.12.19	17:00:00	25322.35	25362.25	25228.45	25246.85	28571	0	120
2025.12.19	18:00:00	25246.65	25327.75	25223.25	25268.25	23278	0	120
2025.12.19	19:00:00	25268.45	25360.15	25265.95	25340.95	16996	0	120
2025.12.19	20:00:00	25340.75	25354.75	25305.15	25312.65	13914	0	120
2025.12.19	21:00:00	25312.45	25350.65	25311.65	25330.35	12227	0	120
2025.12.19	22:00:00	25330.65	25353.65	25311.35	25342.85	16206	0	120
2025.12.19	23:00:00	25342.75	25358.46	25328.66	25352.86	6072	0	120
2025.12.22	01:00:00	25416.56	25437.16	25394.36	25431.56	5683	0	158
2025.12.22	02:00:00	25431.26	25444.05	25408.05	25417.85	8360	0	130
2025.12.22	03:00:00	25417.95	25459.55	25416.85	25451.35	7331	0	140
2025.12.22	04:00:00	25451.05	25460.75	25443.35	25458.65	4434	0	130
2025.12.22	05:00:00	25458.85	25461.75	25436.35	25441.45	4000	0	130
2025.12.22	06:00:00	25441.65	25453.15	25435.15	25443.35	3189	0	130
2025.12.22	07:00:00	25443.45	25445.25	25425.15	25436.75	3602	0	130
2025.12.22	08:00:00	25436.65	25461.35	25436.65	25452.65	3287	0	130
2025.12.22	09:00:00	25452.85	25473.35	25451.65	25465.05	3931	0	130
2025.12.22	10:00:00	25466.55	25479.15	25443.75	25451.05	7625	0	130
2025.12.22	11:00:00	25450.25	25487.65	25446.35	25474.95	6848	0	130
2025.12.22	12:00:00	25475.35	25483.25	25469.45	25470.15	4395	0	130
2025.12.22	13:00:00	25469.85	25481.85	25461.45	25462.55	4361	0	130
2025.12.22	14:00:00	25463.05	25501.15	25460.25	25499.05	6196	0	140
2025.12.22	15:00:00	25499.85	25519.25	25493.85	25515.35	6653	0	130
2025.12.22	16:00:00	25516.05	25557.15	25435.15	25510.15	20355	0	120
2025.12.22	17:00:00	25510.55	25517.15	25393.05	25436.75	26474	0	120
2025.12.22	18:00:00	25437.75	25483.75	25436.05	25478.35	16132	0	120
2025.12.22	19:00:00	25478.85	25490.25	25451.05	25485.15	12551	0	120
2025.12.22	20:00:00	25485.35	25486.05	25437.85	25453.35	11823	0	120
2025.12.22	21:00:00	25453.65	25475.85	25440.15	25454.65	11071	0	120
2025.12.22	22:00:00	25455.15	25466.65	25443.75	25452.65	12286	0	120
2025.12.22	23:00:00	25451.85	25469.96	25451.85	25458.76	2590	0	120
2025.12.23	01:00:00	25472.76	25488.36	25470.76	25480.06	3272	0	148
2025.12.23	02:00:00	25480.15	25489.55	25474.75	25488.75	4826	0	130
2025.12.23	03:00:00	25488.65	25496.35	25462.45	25476.95	6366	0	130
2025.12.23	04:00:00	25476.85	25504.55	25475.75	25489.35	5022	0	130
2025.12.23	05:00:00	25489.55	25497.45	25474.85	25478.25	4002	0	130
2025.12.23	06:00:00	25477.35	25479.35	25449.85	25454.85	4219	0	130
2025.12.23	07:00:00	25454.95	25464.75	25444.35	25444.55	4123	0	130
2025.12.23	08:00:00	25444.15	25447.45	25420.15	25434.25	4320	0	130
2025.12.23	09:00:00	25434.75	25445.45	25424.75	25436.95	4276	0	130
2025.12.23	10:00:00	25437.55	25474.45	25432.15	25456.75	6496	0	140
2025.12.23	11:00:00	25456.05	25494.75	25455.45	25485.45	5149	0	130
2025.12.23	12:00:00	25485.25	25491.05	25465.25	25472.95	4325	0	130
2025.12.23	13:00:00	25473.05	25475.95	25453.45	25460.35	4398	0	130
2025.12.23	14:00:00	25458.95	25467.75	25427.65	25451.15	6583	0	130
2025.12.23	15:00:00	25451.45	25452.85	25374.95	25386.35	10035	0	150
2025.12.23	16:00:00	25386.55	25517.7	25375.35	25458.35	20929	0	120
2025.12.23	17:00:00	25458.15	25507.15	25395.05	25498.15	22104	0	120
2025.12.23	18:00:00	25497.95	25543.35	25494.15	25540.15	14284	0	120
2025.12.23	19:00:00	25540.65	25544.45	25517.95	25521.45	10622	0	120
2025.12.23	20:00:00	25521.15	25547.15	25518.65	25540.65	9719	0	120
2025.12.23	21:00:00	25540.85	25567.05	25539.35	25564.15	8829	0	120
2025.12.23	22:00:00	25563.95	25587.05	25560.15	25577.15	10334	0	120
2025.12.23	23:00:00	25578.05	25588.86	25573.26	25576.76	3643	0	120
2025.12.24	01:00:00	25577.16	25588.16	25570.26	25578.26	2783	0	148
2025.12.24	02:00:00	25578.76	25594.55	25577.95	25585.35	5070	0	130
2025.12.24	03:00:00	25585.95	25591.45	25571.75	25576.65	3759	0	130
2025.12.24	04:00:00	25576.15	25583.85	25556.75	25567.05	3284	0	130
2025.12.24	05:00:00	25567.15	25576.15	25560.15	25570.35	2995	0	130
2025.12.24	06:00:00	25570.05	25575.55	25553.95	25554.35	2016	0	130
2025.12.24	07:00:00	25554.05	25572.05	25551.35	25564.35	2312	0	130
2025.12.24	08:00:00	25564.15	25573.65	25563.95	25566.35	1784	0	130
2025.12.24	09:00:00	25566.45	25567.95	25558.05	25561.65	1521	0	130
2025.12.24	10:00:00	25561.95	25570.15	25560.45	25562.95	2010	0	130
2025.12.24	11:00:00	25563.15	25580.15	25556.85	25572.55	2050	0	130
2025.12.24	12:00:00	25572.35	25572.35	25560.85	25566.15	1776	0	130
2025.12.24	13:00:00	25566.35	25574.35	25559.15	25565.55	1617	0	130
2025.12.24	14:00:00	25566.15	25590.85	25562.35	25589.55	2536	0	130
2025.12.24	15:00:00	25588.85	25604.75	25574.15	25596.05	4339	0	130
2025.12.24	16:00:00	25595.85	25600.65	25557.65	25582.75	15704	0	120
2025.12.24	17:00:00	25582.95	25613.95	25577.85	25602.45	13724	0	120
2025.12.24	18:00:00	25602.75	25658.15	25601.75	25649.75	10846	0	120
2025.12.24	19:00:00	25649.95	25665.25	25637.85	25651.45	11136	0	120
2025.12.24	20:00:00	25651.75	25654.95	25626.15	25637.95	3331	0	120
2025.12.26	01:00:00	25660.86	25675.26	25644.46	25666.26	3729	0	148
2025.12.26	02:00:00	25666.06	25688.45	25664.85	25681.95	4169	0	130
2025.12.26	03:00:00	25682.05	25694.75	25661.75	25668.15	4750	0	130
2025.12.26	04:00:00	25668.05	25678.15	25661.55	25674.65	2946	0	130
2025.12.26	05:00:00	25674.95	25681.15	25660.15	25661.15	2260	0	130
2025.12.26	06:00:00	25660.65	25662.55	25653.35	25657.35	1864	0	130
2025.12.26	07:00:00	25657.55	25667.15	25650.55	25654.15	2165	0	130
2025.12.26	08:00:00	25654.65	25659.05	25646.85	25649.95	2632	0	130
2025.12.26	09:00:00	25650.05	25651.55	25628.05	25638.35	2791	0	130
2025.12.26	10:00:00	25638.45	25640.55	25621.85	25635.85	2957	0	130
2025.12.26	11:00:00	25635.65	25656.45	25633.95	25654.65	2584	0	130
2025.12.26	12:00:00	25654.55	25669.95	25654.55	25662.15	2541	0	130
2025.12.26	13:00:00	25662.65	25666.95	25644.95	25655.05	2317	0	130
2025.12.26	14:00:00	25654.65	25675.65	25647.55	25668.65	3265	0	130
2025.12.26	15:00:00	25669.45	25701.35	25665.15	25675.15	4935	0	130
2025.12.26	16:00:00	25675.45	25713.2	25643.35	25659.1	17192	0	120
2025.12.26	17:00:00	25659.9	25684.35	25613.1	25677.85	21232	0	120
2025.12.26	18:00:00	25678.15	25689.35	25635.85	25652.15	12611	0	120
2025.12.26	19:00:00	25652.35	25660.45	25627.85	25650.15	10882	0	120
2025.12.26	20:00:00	25650.65	25671.75	25633.15	25670.35	8903	0	120
2025.12.26	21:00:00	25670.15	25677.15	25652.65	25669.65	8435	0	120
2025.12.26	22:00:00	25669.35	25670.35	25636.15	25645.25	10087	0	120
2025.12.26	23:00:00	25644.15	25651.06	25632.56	25635.26	3209	0	120
2025.12.29	01:00:00	25655.86	25663.86	25628.96	25655.86	4161	0	148
2025.12.29	02:00:00	25656.16	25678.85	25638.55	25676.85	7936	0	130
2025.12.29	03:00:00	25676.65	25678.15	25621.45	25627.65	7375	0	130
2025.12.29	04:00:00	25627.95	25635.45	25610.35	25631.15	4520	0	130
2025.12.29	05:00:00	25631.25	25639.25	25610.75	25638.25	4138	0	130
2025.12.29	06:00:00	25637.75	25653.25	25637.45	25641.25	2556	0	130
2025.12.29	07:00:00	25641.45	25641.45	25603.25	25605.95	6013	0	130
2025.12.29	08:00:00	25605.55	25628.05	25597.35	25601.45	5546	0	130
2025.12.29	09:00:00	25601.55	25608.05	25570.75	25585.15	5560	0	130
2025.12.29	10:00:00	25586.55	25588.85	25516.85	25523.75	11186	0	170
2025.12.29	11:00:00	25523.85	25555.85	25519.15	25548.45	8615	0	150
2025.12.29	12:00:00	25548.35	25554.45	25530.05	25531.95	6119	0	150
2025.12.29	13:00:00	25531.85	25560.65	25521.45	25556.15	5845	0	130
2025.12.29	14:00:00	25555.35	25562.15	25519.75	25531.65	6859	0	140
2025.12.29	15:00:00	25530.15	25547.85	25446.55	25478.65	9269	0	150
2025.12.29	16:00:00	25479.95	25604.15	25441.75	25509.15	21410	0	130
2025.12.29	17:00:00	25509.85	25558.5	25447.6	25488.4	23547	0	130
2025.12.29	18:00:00	25488.1	25503.7	25466.0	25481.4	18030	0	130
2025.12.29	19:00:00	25481.1	25494.1	25435.1	25486.7	13218	0	130
2025.12.29	20:00:00	25486.6	25515.8	25467.6	25481.3	11632	0	130
2025.12.29	21:00:00	25481.1	25560.8	25470.8	25552.6	11598	0	130
2025.12.29	22:00:00	25552.1	25552.1	25515.8	25527.95	12202	0	130
2025.12.29	23:00:00	25527.65	25534.06	25513.16	25529.56	3124	0	120
2025.12.30	01:00:00	25517.26	25522.76	25493.06	25494.06	3562	0	148
2025.12.30	02:00:00	25494.16	25513.85	25487.35	25490.65	5355	0	130
2025.12.30	03:00:00	25490.45	25511.95	25483.35	25510.85	6944	0	130
2025.12.30	04:00:00	25511.15	25515.25	25488.35	25497.35	4683	0	130
2025.12.30	05:00:00	25497.45	25528.15	25496.35	25522.95	4702	0	130
2025.12.30	06:00:00	25523.15	25539.25	25516.65	25536.15	2895	0	130
2025.12.30	07:00:00	25536.35	25540.65	25508.85	25531.45	4151	0	130
2025.12.30	08:00:00	25531.65	25531.65	25502.75	25513.35	4102	0	130
2025.12.30	09:00:00	25512.75	25512.85	25471.75	25490.95	4769	0	130
2025.12.30	10:00:00	25491.25	25527.75	25490.45	25526.35	7025	0	130
2025.12.30	11:00:00	25526.15	25538.85	25516.25	25526.25	4645	0	130
2025.12.30	12:00:00	25525.95	25532.75	25505.75	25514.85	4486	0	130
2025.12.30	13:00:00	25515.05	25523.55	25489.65	25519.85	4554	0	130
2025.12.30	14:00:00	25519.65	25530.65	25499.45	25513.85	5560	0	130
2025.12.30	15:00:00	25513.75	25531.55	25478.05	25500.65	7170	0	140
2025.12.30	16:00:00	25500.95	25561.7	25461.7	25543.75	18291	0	130
2025.12.30	17:00:00	25543.45	25547.95	25469.2	25531.2	20652	0	130
2025.12.30	18:00:00	25531.4	25580.9	25504.6	25507.5	14482	0	130
2025.12.30	19:00:00	25507.7	25524.2	25487.5	25516.1	11196	0	130
2025.12.30	20:00:00	25516.0	25531.2	25495.0	25520.1	9236	0	130
2025.12.30	21:00:00	25519.7	25529.9	25493.0	25499.0	10363	0	130
2025.12.30	22:00:00	25497.6	25504.9	25456.6	25466.3	11848	0	130
2025.12.30	23:00:00	25466.1	25479.46	25457.56	25473.06	4075	0	120
2025.12.31	01:00:00	25471.06	25476.66	25433.16	25446.76	2967	0	148
2025.12.31	02:00:00	25446.86	25446.95	25396.15	25404.45	4159	0	130
2025.12.31	03:00:00	25404.15	25413.95	25377.45	25407.85	7237	0	130
2025.12.31	04:00:00	25407.65	25425.35	25394.15	25415.45	5070	0	130
2025.12.31	05:00:00	25415.15	25422.25	25396.65	25406.15	3799	0	130
2025.12.31	06:00:00	25406.65	25423.35	25403.55	25406.15	2783	0	130
2025.12.31	07:00:00	25406.25	25416.15	25384.35	25389.15	3253	0	130
2025.12.31	08:00:00	25388.85	25395.35	25369.75	25385.55	3666	0	130
2025.12.31	09:00:00	25384.95	25398.85	25366.95	25387.65	3802	0	130
2025.12.31	10:00:00	25387.35	25393.35	25342.45	25348.45	4567	0	130
2025.12.31	11:00:00	25347.15	25373.55	25345.95	25358.35	4712	0	130
2025.12.31	12:00:00	25358.45	25381.05	25350.65	25374.45	3377	0	130
2025.12.31	13:00:00	25374.65	25400.55	25371.55	25399.05	3913	0	130
2025.12.31	14:00:00	25398.65	25421.25	25387.85	25418.95	5019	0	130
2025.12.31	15:00:00	25418.55	25503.95	25412.85	25492.35	7516	0	130
2025.12.31	16:00:00	25491.05	25505.75	25371.85	25396.0	19162	0	130
2025.12.31	17:00:00	25395.4	25407.5	25332.5	25344.45	21812	0	130
2025.12.31	18:00:00	25343.95	25397.0	25342.45	25395.0	14355	0	130
2025.12.31	19:00:00	25394.7	25396.2	25357.7	25371.2	11067	0	130
2025.12.31	20:00:00	25371.5	25419.0	25362.5	25404.0	10500	0	130
2025.12.31	21:00:00	25404.5	25423.7	25322.1	25325.7	12859	0	130
2025.12.31	22:00:00	25326.0	25329.5	25234.45	25244.65	18511	0	130
2025.12.31	23:00:00	25243.65	25259.96	25223.16	25227.86	6612	0	130
2026.01.02	01:00:00	25252.26	25295.06	25250.66	25289.16	5110	0	148
2026.01.02	02:00:00	25289.25	25305.55	25265.55	25302.45	4846	0	130
2026.01.02	03:00:00	25302.95	25347.85	25302.45	25346.85	7099	0	130
2026.01.02	04:00:00	25347.15	25398.75	25346.75	25395.65	5592	0	130
2026.01.02	05:00:00	25394.45	25417.75	25388.05	25417.15	4003	0	130
2026.01.02	06:00:00	25418.15	25428.95	25409.45	25417.45	3243	0	130
2026.01.02	07:00:00	25417.75	25434.75	25404.85	25431.05	3420	0	130
2026.01.02	08:00:00	25430.95	25441.15	25426.25	25429.15	2884	0	130
2026.01.02	09:00:00	25428.45	25439.05	25416.65	25429.65	4422	0	130
2026.01.02	10:00:00	25429.25	25509.65	25428.65	25501.45	8232	0	150
2026.01.02	11:00:00	25500.05	25529.65	25497.15	25525.05	7791	0	150
2026.01.02	12:00:00	25526.35	25528.85	25499.65	25522.65	5897	0	130
2026.01.02	13:00:00	25522.55	25534.35	25505.95	25519.05	4826	0	130
2026.01.02	14:00:00	25518.25	25518.25	25472.05	25494.35	6790	0	140
2026.01.02	15:00:00	25494.45	25499.85	25471.45	25484.25	7154	0	140
2026.01.02	16:00:00	25484.05	25593.5	25430.7	25532.6	21295	0	130
2026.01.02	17:00:00	25531.8	25578.2	25159.2	25173.2	29568	0	130
2026.01.02	18:00:00	25173.6	25236.1	25097.3	25151.7	28647	0	130
2026.01.02	19:00:00	25151.6	25214.0	25121.85	25133.35	23054	0	130
2026.01.02	20:00:00	25133.45	25172.85	25074.8	25103.95	21466	0	130
2026.01.02	21:00:00	25104.05	25270.25	25098.25	25212.95	22007	0	130
2026.01.02	22:00:00	25213.35	25263.7	25181.5	25198.0	21425	0	130
2026.01.02	23:00:00	25198.6	25228.06	25194.86	25202.86	5257	0	120
2026.01.05	01:00:00	25259.36	25280.06	25224.26	25275.06	9238	0	178
2026.01.05	02:00:00	25274.96	25296.75	25253.35	25284.55	13301	0	150
2026.01.05	03:00:00	25285.05	25304.85	25267.95	25275.55	13380	0	150
2026.01.05	04:00:00	25275.05	25300.95	25270.85	25291.95	7934	0	130
2026.01.05	05:00:00	25291.85	25299.85	25276.05	25281.85	5744	0	130
2026.01.05	06:00:00	25281.95	25308.85	25275.15	25305.25	4585	0	130
2026.01.05	07:00:00	25306.25	25314.65	25283.35	25312.35	5303	0	130
2026.01.05	08:00:00	25312.65	25324.65	25286.05	25323.45	5490	0	130
2026.01.05	09:00:00	25324.25	25326.05	25272.85	25295.25	6246	0	130
2026.01.05	10:00:00	25295.35	25373.05	25285.05	25329.05	13060	0	160
2026.01.05	11:00:00	25328.95	25349.25	25313.05	25329.15	9867	0	150
2026.01.05	12:00:00	25329.45	25376.15	25328.15	25371.65	7589	0	150
2026.01.05	13:00:00	25371.35	25394.75	25361.55	25385.35	6157	0	130
2026.01.05	14:00:00	25385.25	25403.95	25362.15	25374.65	7314	0	140
2026.01.05	15:00:00	25377.65	25407.65	25337.65	25393.25	9977	0	150
2026.01.05	16:00:00	25392.95	25489.9	25357.2	25408.5	23249	0	130
2026.01.05	17:00:00	25413.55	25507.9	25384.0	25482.35	27086	0	130
2026.01.05	18:00:00	25482.15	25525.2	25469.15	25476.1	18859	0	130
2026.01.05	19:00:00	25475.9	25490.35	25425.35	25443.0	20098	0	130
2026.01.05	20:00:00	25442.9	25448.0	25372.55	25428.1	15313	0	130
2026.01.05	21:00:00	25428.3	25433.6	25365.2	25392.6	13752	0	130
2026.01.05	22:00:00	25392.1	25428.4	25381.6	25401.4	14237	0	130
2026.01.05	23:00:00	25402.4	25405.56	25388.06	25394.76	4099	0	120
2026.01.06	01:00:00	25407.66	25414.86	25378.86	25383.66	4442	0	148
2026.01.06	02:00:00	25384.16	25399.55	25371.25	25381.75	8296	0	130
2026.01.06	03:00:00	25380.65	25420.45	25373.65	25415.45	8555	0	130
2026.01.06	04:00:00	25416.45	25443.05	25410.55	25441.55	4946	0	130
2026.01.06	05:00:00	25441.45	25447.15	25435.55	25438.25	3798	0	130
2026.01.06	06:00:00	25438.55	25465.55	25438.25	25464.55	3618	0	130
2026.01.06	07:00:00	25464.45	25470.95	25456.55	25461.25	4424	0	130
2026.01.06	08:00:00	25461.15	25491.75	25460.05	25487.05	3913	0	130
2026.01.06	09:00:00	25486.95	25487.65	25460.65	25465.05	3318	0	130
2026.01.06	10:00:00	25464.45	25465.25	25344.75	25389.75	13301	0	130
2026.01.06	11:00:00	25390.85	25425.35	25374.75	25403.15	10723	0	140
2026.01.06	12:00:00	25403.55	25414.95	25389.55	25410.75	6869	0	130
2026.01.06	13:00:00	25411.45	25427.65	25408.15	25414.15	5045	0	130
2026.01.06	14:00:00	25414.45	25466.55	25410.15	25458.65	6083	0	130
2026.01.06	15:00:00	25458.15	25467.25	25408.85	25434.15	8725	0	150
2026.01.06	16:00:00	25433.85	25578.55	25410.45	25570.25	21210	0	130
2026.01.06	17:00:00	25570.55	25596.45	25490.3	25503.5	25792	0	130
2026.01.06	18:00:00	25503.6	25523.7	25455.95	25514.6	22564	0	130
2026.01.06	19:00:00	25514.8	25604.2	25493.4	25578.6	16499	0	130
2026.01.06	20:00:00	25578.8	25622.2	25564.3	25621.6	13392	0	130
2026.01.06	21:00:00	25621.4	25635.1	25610.8	25621.2	11969	0	130
2026.01.06	22:00:00	25620.9	25651.2	25614.9	25627.0	12801	0	130
2026.01.06	23:00:00	25626.7	25643.46	25625.85	25642.86	3507	0	120
2026.01.07	01:00:00	25651.06	25654.76	25631.86	25640.86	3683	0	148
2026.01.07	02:00:00	25640.76	25657.75	25635.65	25645.15	6936	0	130
2026.01.07	03:00:00	25645.75	25650.65	25627.85	25632.45	7868	0	130
2026.01.07	04:00:00	25631.65	25648.05	25617.85	25622.85	4959	0	130
2026.01.07	05:00:00	25623.75	25637.65	25613.95	25615.65	4240	0	130
2026.01.07	06:00:00	25615.85	25618.85	25596.85	25602.05	5919	0	130
2026.01.07	07:00:00	25602.35	25609.95	25591.45	25598.85	4841	0	130
2026.01.07	08:00:00	25599.25	25615.45	25584.25	25585.15	4085	0	130
2026.01.07	09:00:00	25584.25	25595.55	25580.95	25582.15	3608	0	130
2026.01.07	10:00:00	25581.75	25603.95	25569.35	25569.35	7371	0	130
2026.01.07	11:00:00	25570.35	25574.55	25542.75	25569.15	6894	0	130
2026.01.07	12:00:00	25568.15	25578.15	25544.15	25555.55	5362	0	130
2026.01.07	13:00:00	25555.85	25584.55	25548.35	25583.55	4774	0	130
2026.01.07	14:00:00	25583.65	25598.25	25569.25	25582.05	6467	0	130
2026.01.07	15:00:00	25580.35	25609.25	25571.35	25604.45	8364	0	140
2026.01.07	16:00:00	25603.95	25699.15	25577.45	25675.52	19889	0	120
2026.01.07	17:00:00	25675.62	25730.15	25631.0	25724.9	25528	0	124
2026.01.07	18:00:00	25724.6	25790.3	25698.9	25788.6	17610	0	130
2026.01.07	19:00:00	25788.9	25815.1	25780.6	25790.4	14415	0	130
2026.01.07	20:00:00	25790.3	25797.9	25746.1	25774.9	14740	0	130
2026.01.07	21:00:00	25775.6	25775.6	25710.25	25721.9	15256	0	130
2026.01.07	22:00:00	25722.1	25732.8	25634.65	25652.85	18564	0	130
2026.01.07	23:00:00	25652.55	25654.46	25639.66	25652.06	4400	0	120
2026.01.08	01:00:00	25659.36	25668.66	25640.56	25644.86	3677	0	148
2026.01.08	02:00:00	25645.06	25664.85	25628.75	25664.05	5899	0	130
2026.01.08	03:00:00	25664.35	25665.95	25638.95	25659.05	7335	0	130
2026.01.08	04:00:00	25659.25	25661.85	25596.95	25607.45	8135	0	130
2026.01.08	05:00:00	25607.55	25617.05	25591.65	25598.25	6719	0	130
2026.01.08	06:00:00	25598.15	25615.05	25595.35	25600.35	4733	0	130
2026.01.08	07:00:00	25600.55	25606.35	25559.45	25559.75	5762	0	130
2026.01.08	08:00:00	25559.95	25563.55	25492.95	25527.15	10732	0	140
2026.01.08	09:00:00	25527.05	25625.15	25502.65	25571.25	9929	0	140
2026.01.08	10:00:00	25571.15	25624.45	25569.65	25601.95	10496	0	150
2026.01.08	11:00:00	25602.55	25617.05	25572.95	25591.25	8773	0	150
2026.01.08	12:00:00	25591.05	25595.65	25565.55	25594.15	7370	0	130
2026.01.08	13:00:00	25594.05	25607.75	25564.05	25592.45	6851	0	130
2026.01.08	14:00:00	25592.95	25599.55	25568.35	25589.25	8505	0	130
2026.01.08	15:00:00	25587.95	25639.75	25579.15	25621.45	9635	0	150
2026.01.08	16:00:00	25621.25	25632.75	25419.2	25424.6	22048	0	130
2026.01.08	17:00:00	25425.3	25535.4	25392.3	25506.9	29043	0	130
2026.01.08	18:00:00	25506.8	25508.3	25408.9	25495.4	25483	0	130
2026.01.08	19:00:00	25495.7	25527.9	25451.35	25505.2	19398	0	130
2026.01.08	20:00:00	25505.4	25508.7	25444.6	25456.2	18128	0	130
2026.01.08	21:00:00	25455.9	25482.1	25422.2	25458.4	15565	0	130
2026.01.08	22:00:00	25458.2	25523.0	25450.1	25503.4	15782	0	130
2026.01.08	23:00:00	25504.8	25563.46	25503.36	25552.06	5390	0	120
2026.01.09	01:00:00	25538.16	25545.16	25496.36	25499.46	4636	0	148
2026.01.09	02:00:00	25498.55	25518.75	25489.25	25490.25	8569	0	130
2026.01.09	03:00:00	25490.15	25502.95	25451.75	25475.95	11071	0	140
2026.01.09	04:00:00	25475.65	25517.85	25473.35	25508.45	7583	0	130
2026.01.09	05:00:00	25507.55	25514.25	25491.05	25498.45	6033	0	130
2026.01.09	06:00:00	25498.65	25504.85	25482.05	25501.95	5014	0	130
2026.01.09	07:00:00	25502.25	25519.05	25491.15	25517.35	6344	0	130
2026.01.09	08:00:00	25516.85	25525.85	25496.85	25514.65	5475	0	130
2026.01.09	09:00:00	25514.95	25515.75	25476.55	25496.15	4828	0	130
2026.01.09	10:00:00	25497.05	25525.15	25489.45	25498.65	10063	0	140
2026.01.09	11:00:00	25497.55	25549.55	25486.25	25546.15	8330	0	140
2026.01.09	12:00:00	25546.85	25560.95	25541.25	25551.55	5846	0	130
2026.01.09	13:00:00	25551.65	25590.75	25545.25	25565.65	6260	0	130
2026.01.09	14:00:00	25564.65	25576.35	25538.35	25572.65	7202	0	140
2026.01.09	15:00:00	25573.35	25631.55	25550.25	25628.65	13128	0	150
2026.01.09	16:00:00	25628.55	25648.45	25473.9	25559.52	25349	0	124
2026.01.09	17:00:00	25558.62	25702.7	25442.2	25635.6	29159	0	124
2026.01.09	18:00:00	25637.2	25747.8	25635.4	25737.7	21472	0	130
2026.01.09	19:00:00	25737.9	25761.1	25711.1	25748.6	15257	0	130
2026.01.09	20:00:00	25747.6	25792.8	25707.8	25786.7	14617	0	130
2026.01.09	21:00:00	25788.1	25798.1	25773.6	25779.6	11995	0	130
2026.01.09	22:00:00	25779.8	25811.6	25757.6	25758.2	13947	0	130
2026.01.09	23:00:00	25758.1	25769.96	25750.76	25755.06	4093	0	120
2026.01.12	01:00:00	25721.06	25751.76	25709.86	25723.76	6951	0	168
2026.01.12	02:00:00	25722.76	25732.15	25602.85	25619.15	12460	0	150
2026.01.12	03:00:00	25618.95	25626.85	25553.85	25607.95	13583	0	170
2026.01.12	04:00:00	25607.75	25608.45	25561.55	25577.75	9172	0	145
2026.01.12	05:00:00	25578.55	25583.05	25540.65	25567.85	7278	0	145
2026.01.12	06:00:00	25567.95	25569.65	25545.35	25556.88	6099	0	145
2026.01.12	07:00:00	25557.08	25572.93	25507.85	25529.33	7773	0	145
2026.01.12	08:00:00	25529.63	25555.95	25526.95	25547.88	5633	0	145
2026.01.12	09:00:00	25547.68	25576.55	25545.83	25561.75	5812	0	145
2026.01.12	10:00:00	25561.85	25580.25	25464.15	25490.65	12774	0	160
2026.01.12	11:00:00	25492.15	25536.15	25491.75	25528.35	9813	0	150
2026.01.12	12:00:00	25528.45	25552.95	25517.05	25537.45	6802	0	145
2026.01.12	13:00:00	25537.85	25562.75	25535.65	25548.95	6140	0	145
2026.01.12	14:00:00	25548.85	25591.35	25543.45	25582.85	7237	0	150
2026.01.12	15:00:00	25583.25	25592.75	25558.45	25573.65	8946	0	150
2026.01.12	16:00:00	25574.05	25753.83	25550.15	25731.43	17371	0	145
2026.01.12	17:00:00	25731.23	25763.43	25695.48	25746.93	19855	0	145
2026.01.12	18:00:00	25746.83	25800.43	25732.68	25791.93	15063	0	145
2026.01.12	19:00:00	25792.23	25804.93	25769.73	25799.23	12741	0	145
2026.01.12	20:00:00	25799.43	25828.13	25796.43	25809.93	11065	0	145
2026.01.12	21:00:00	25809.73	25847.43	25793.43	25845.83	11252	0	145
2026.01.12	22:00:00	25845.93	25851.13	25783.43	25783.43	12782	0	145
2026.01.12	23:00:00	25783.23	25805.36	25777.36	25777.36	3919	0	145
2026.01.13	01:00:00	25754.46	25771.56	25727.26	25729.26	4931	0	150
2026.01.13	02:00:00	25729.36	25732.85	25705.38	25708.93	8292	0	145
2026.01.13	03:00:00	25709.13	25724.45	25680.05	25713.05	8162	0	145
2026.01.13	04:00:00	25713.85	25730.75	25708.18	25711.78	7905	0	145
2026.01.13	05:00:00	25711.88	25725.78	25695.53	25717.13	5923	0	145
2026.01.13	06:00:00	25716.93	25725.43	25703.28	25719.18	5050	0	145
2026.01.13	07:00:00	25719.68	25740.68	25711.38	25735.38	5700	0	145
2026.01.13	08:00:00	25735.68	25766.18	25734.68	25749.85	4752	0	145
2026.01.13	09:00:00	25749.95	25758.95	25740.85	25750.93	4667	0	145
2026.01.13	10:00:00	25748.43	25757.75	25729.35	25739.63	7809	0	145
2026.01.13	11:00:00	25740.13	25770.43	25727.05	25743.65	6587	0	145
2026.01.13	12:00:00	25743.35	25747.95	25705.55	25711.93	6116	0	145
2026.01.13	13:00:00	25712.73	25734.85	25704.85	25734.85	5584	0	145
2026.01.13	14:00:00	25734.65	25752.43	25722.25	25728.75	5587	0	145
2026.01.13	15:00:00	25728.55	25878.95	25720.55	25804.15	12431	0	150
2026.01.13	16:00:00	25801.65	25876.13	25765.43	25781.73	18144	0	145
2026.01.13	17:00:00	25780.43	25803.03	25644.48	25728.73	22042	0	145
2026.01.13	18:00:00	25728.53	25859.43	25681.18	25842.23	18307	0	145
2026.01.13	19:00:00	25840.73	25851.63	25691.78	25710.38	17496	0	145
2026.01.13	20:00:00	25710.28	25745.48	25668.68	25674.93	17237	0	145
2026.01.13	21:00:00	25674.73	25720.23	25656.98	25700.73	16893	0	145
2026.01.13	22:00:00	25700.83	25746.98	25639.63	25738.68	15726	0	145
2026.01.13	23:00:00	25740.28	25761.66	25732.66	25736.85	4519	0	145
2026.01.14	01:00:00	25744.06	25749.76	25724.06	25727.96	4296	0	150
2026.01.14	02:00:00	25727.56	25760.38	25721.13	25743.93	8417	0	145
2026.01.14	03:00:00	25743.73	25760.95	25715.85	25722.75	9778	0	145
2026.01.14	04:00:00	25722.95	25733.23	25712.95	25730.28	7348	0	145
2026.01.14	05:00:00	25729.68	25762.28	25726.48	25751.48	5392	0	145
2026.01.14	06:00:00	25751.78	25755.63	25710.23	25718.75	4930	0	145
2026.01.14	07:00:00	25718.35	25719.55	25689.93	25692.98	7543	0	145
2026.01.14	08:00:00	25692.78	25700.25	25672.25	25696.43	7657	0	145
2026.01.14	09:00:00	25696.63	25708.18	25685.75	25699.73	5135	0	145
2026.01.14	10:00:00	25698.73	25712.35	25677.15	25694.45	9223	0	145
2026.01.14	11:00:00	25694.35	25714.95	25672.55	25688.75	6748	0	145
2026.01.14	12:00:00	25689.25	25689.65	25548.55	25574.05	11880	0	145
2026.01.14	13:00:00	25573.75	25605.05	25551.75	25579.95	10514	0	160
2026.01.14	14:00:00	25579.45	25620.85	25538.75	25615.85	10016	0	150
2026.01.14	15:00:00	25614.95	25639.45	25569.25	25590.75	12998	0	160
2026.01.14	16:00:00	25591.05	25626.13	25419.23	25420.93	18945	0	145
2026.01.14	17:00:00	25422.73	25529.23	25306.53	25328.13	23456	0	145
2026.01.14	18:00:00	25328.73	25428.43	25278.53	25298.48	20576	0	145
2026.01.14	19:00:00	25298.38	25349.38	25274.38	25290.43	18872	0	145
2026.01.14	20:00:00	25290.53	25366.68	25262.43	25355.88	18527	0	145
2026.01.14	21:00:00	25355.78	25374.23	25326.88	25341.18	17947	0	145
2026.01.14	22:00:00	25341.28	25479.63	25303.28	25473.93	19900	0	145
2026.01.14	23:00:00	25473.63	25494.06	25442.66	25457.36	7065	0	145
2026.01.15	01:00:00	25447.46	25451.86	25402.06	25444.66	6534	0	178
2026.01.15	02:00:00	25443.96	25447.75	25425.43	25441.75	7690	0	145
2026.01.15	03:00:00	25441.55	25481.65	25401.85	25468.65	13026	0	160
2026.01.15	04:00:00	25468.55	25472.95	25436.05	25447.95	9799	0	150
2026.01.15	05:00:00	25448.25	25466.33	25418.65	25421.35	8342	0	145
2026.01.15	06:00:00	25420.75	25438.45	25409.05	25417.75	7052	0	145
2026.01.15	07:00:00	25417.65	25486.75	25415.45	25461.35	9829	0	145
2026.01.15	08:00:00	25460.75	25561.45	25450.25	25540.05	11531	0	150
2026.01.15	09:00:00	25539.55	25546.85	25516.55	25527.45	7889	0	160
2026.01.15	10:00:00	25527.95	25586.15	25512.95	25576.95	12105	0	160
2026.01.15	11:00:00	25576.05	25671.75	25572.75	25651.55	9698	0	160
2026.01.15	12:00:00	25651.25	25668.95	25639.35	25656.35	7286	0	145
2026.01.15	13:00:00	25656.45	25694.65	25655.85	25680.85	6692	0	145
2026.01.15	14:00:00	25680.75	25692.75	25650.25	25691.45	7858	0	145
2026.01.15	15:00:00	25690.75	25755.55	25673.35	25732.65	10702	0	160
2026.01.15	16:00:00	25733.05	25791.43	25682.13	25704.03	18340	0	145
2026.01.15	17:00:00	25703.93	25764.48	25643.13	25724.13	21933	0	145
2026.01.15	18:00:00	25723.43	25775.98	25717.43	25763.23	18426	0	145
2026.01.15	19:00:00	25764.13	25777.03	25688.03	25691.63	16203	0	145
2026.01.15	20:00:00	25688.43	25747.93	25688.13	25723.43	14747	0	145
2026.01.15	21:00:00	25722.13	25722.43	25581.98	25592.43	17802	0	145
2026.01.15	22:00:00	25592.23	25606.73	25517.38	25553.18	18728	0	145
2026.01.15	23:00:00	25552.48	25562.06	25530.06	25542.85	5088	0	145
2026.01.16	01:00:00	25555.96	25594.55	25545.16	25585.26	4185	0	150
2026.01.16	02:00:00	25585.03	25605.78	25575.25	25604.18	6894	0	145
2026.01.16	03:00:00	25604.28	25626.85	25592.35	25613.78	8527	0	145
2026.01.16	04:00:00	25613.58	25640.55	25607.03	25631.28	6233	0	145
2026.01.16	05:00:00	25631.08	25643.68	25628.28	25630.78	3707	0	145
2026.01.16	06:00:00	25631.18	25654.28	25628.28	25653.78	3912	0	145
2026.01.16	07:00:00	25653.88	25664.18	25646.78	25651.78	4776	0	145
2026.01.16	08:00:00	25651.58	25670.78	25647.53	25667.18	3894	0	145
2026.01.16	09:00:00	25667.38	25681.53	25652.03	25667.53	3799	0	145
2026.01.16	10:00:00	25670.33	25689.05	25639.15	25660.85	7951	0	145
2026.01.16	11:00:00	25660.05	25686.13	25653.95	25659.18	6733	0	145
2026.01.16	12:00:00	25660.08	25708.03	25654.43	25698.45	5791	0	145
2026.01.16	13:00:00	25698.65	25716.15	25670.15	25677.15	6176	0	145
2026.01.16	14:00:00	25676.85	25696.55	25649.65	25674.35	8737	0	150
2026.01.16	15:00:00	25674.75	25682.05	25645.95	25669.95	9609	0	160
2026.01.16	16:00:00	25669.75	25734.03	25570.43	25574.43	17805	0	145
2026.01.16	17:00:00	25573.13	25609.13	25435.63	25524.58	22181	0	145
2026.01.16	18:00:00	25524.68	25596.03	25505.38	25560.68	18462	0	145
2026.01.16	19:00:00	25557.78	25565.18	25502.43	25504.13	16565	0	145
2026.01.16	20:00:00	25503.63	25575.93	25498.13	25560.63	14214	0	145
2026.01.16	21:00:00	25560.13	25591.63	25516.63	25560.33	15372	0	145
2026.01.16	22:00:00	25559.93	25573.33	25526.18	25529.08	15321	0	145
2026.01.16	23:00:00	25528.18	25545.46	25515.36	25530.15	4945	0	145
2026.01.19	01:00:00	25274.86	25311.46	25248.46	25310.96	13123	0	198
2026.01.19	02:00:00	25310.86	25313.25	25220.05	25272.55	15882	0	170
2026.01.19	03:00:00	25272.95	25294.45	25230.75	25242.65	15473	0	170
2026.01.19	04:00:00	25242.75	25267.65	25235.75	25260.43	11643	0	145
2026.01.19	05:00:00	25260.13	25262.43	25208.55	25230.85	11044	0	145
2026.01.19	06:00:00	25230.95	25238.63	25215.65	25223.93	7372	0	145
2026.01.19	07:00:00	25223.53	25263.05	25215.25	25237.98	8882	0	145
2026.01.19	08:00:00	25237.88	25258.05	25224.65	25229.05	7355	0	145
2026.01.19	09:00:00	25228.75	25236.35	25169.75	25195.75	11955	0	160
2026.01.19	10:00:00	25195.95	25254.25	25192.15	25234.55	15142	0	160
2026.01.19	11:00:00	25234.85	25240.05	25108.25	25124.55	15628	0	160
2026.01.19	12:00:00	25124.65	25156.85	25101.55	25113.25	12377	0	170
2026.01.19	13:00:00	25112.45	25161.35	25108.55	25134.55	11051	0	170
2026.01.19	14:00:00	25134.35	25192.55	25115.55	25172.75	10534	0	160
2026.01.19	15:00:00	25171.55	25188.05	25128.05	25164.45	10786	0	160
2026.01.19	16:00:00	25164.25	25190.95	25080.93	25160.43	17700	0	145
2026.01.19	17:00:00	25160.53	25187.63	25131.98	25170.68	16519	0	145
2026.01.19	18:00:00	25170.78	25227.53	25165.13	25222.53	13136	0	145
2026.01.19	19:00:00	25222.43	25260.93	25216.63	25243.63	9352	0	145
2026.01.20	01:00:00	25235.96	25246.86	25213.46	25225.16	5783	0	168
2026.01.20	02:00:00	25226.16	25250.45	25171.35	25207.85	12723	0	160
2026.01.20	03:00:00	25209.05	25278.75	25209.05	25266.75	14637	0	160
2026.01.20	04:00:00	25266.35	25284.65	25237.75	25270.93	11363	0	145
2026.01.20	05:00:00	25270.63	25277.85	25249.75	25256.65	8320	0	145
2026.01.20	06:00:00	25256.35	25258.35	25216.75	25226.95	7516	0	145
2026.01.20	07:00:00	25226.85	25258.75	25213.45	25229.35	10462	0	145
2026.01.20	08:00:00	25228.45	25236.55	25106.15	25157.05	14363	0	160
2026.01.20	09:00:00	25157.15	25166.65	25103.65	25130.55	12834	0	170
2026.01.20	10:00:00	25130.05	25134.55	25013.15	25047.55	20043	0	190
2026.01.20	11:00:00	25047.35	25066.35	24942.55	24980.65	20309	0	190
2026.01.20	12:00:00	24980.85	25053.65	24956.05	25021.45	15871	0	180
2026.01.20	13:00:00	25021.55	25074.45	25019.35	25052.05	14403	0	180
2026.01.20	14:00:00	25051.85	25129.95	25038.05	25103.95	16125	0	180
2026.01.20	15:00:00	25107.55	25123.05	25027.85	25058.65	19211	0	190
2026.01.20	16:00:00	25059.15	25215.33	25047.95	25174.03	24941	0	145
2026.01.20	17:00:00	25173.33	25266.13	25104.43	25212.63	29732	0	145
2026.01.20	18:00:00	25212.93	25278.03	25183.33	25248.93	27967	0	145
2026.01.20	19:00:00	25248.83	25256.13	25110.38	25144.93	26331	0	145
2026.01.20	20:00:00	25141.73	25163.63	25024.08	25051.88	23783	0	145
2026.01.20	21:00:00	25051.68	25076.98	24980.58	25021.13	24571	0	145
2026.01.20	22:00:00	25021.33	25021.43	24951.18	24991.63	24090	0	145
2026.01.20	23:00:00	24993.63	25018.86	24974.66	24990.96	8783	0	145
2026.01.21	01:00:00	25019.26	25020.66	24958.36	24970.26	6701	0	150
2026.01.21	02:00:00	24971.06	25040.55	24970.75	25033.65	10207	0	145
2026.01.21	03:00:00	25033.35	25073.35	25033.35	25056.75	9285	0	145
2026.01.21	04:00:00	25057.15	25063.45	25022.85	25034.45	11077	0	145
2026.01.21	05:00:00	25034.15	25082.05	25033.75	25051.85	9525	0	150
2026.01.21	06:00:00	25051.95	25068.05	25037.65	25051.15	8187	0	145
2026.01.21	07:00:00	25050.95	25080.43	25040.75	25074.93	6747	0	145
2026.01.21	08:00:00	25074.73	25085.55	25046.65	25051.43	6433	0	145
2026.01.21	09:00:00	25051.33	25101.35	25048.03	25067.35	6962	0	145
2026.01.21	10:00:00	25066.95	25088.25	25049.75	25059.05	12667	0	160
2026.01.21	11:00:00	25058.85	25079.75	24983.45	24983.95	12110	0	160
2026.01.21	12:00:00	24984.05	25042.85	24976.45	25007.35	11087	0	150
2026.01.21	13:00:00	25008.05	25014.35	24894.95	24902.25	12812	0	170
2026.01.21	14:00:00	24904.35	24944.35	24881.25	24940.75	15526	0	180
2026.01.21	15:00:00	24940.85	24979.85	24896.25	24939.35	16283	0	180
2026.01.21	16:00:00	24938.85	25193.93	24927.95	25180.73	30228	0	145
2026.01.21	17:00:00	25180.43	25342.58	25150.53	25324.58	28752	0	145
2026.01.21	18:00:00	25324.78	25348.83	25076.03	25084.53	28671	0	145
2026.01.21	19:00:00	25084.33	25117.23	24998.03	25099.43	29124	0	145
2026.01.21	20:00:00	25100.73	25149.93	25006.23	25138.28	27354	0	145
2026.01.21	21:00:00	25138.08	25496.63	25088.43	25494.43	28924	0	145
2026.01.21	22:00:00	25495.53	25507.03	25301.93	25326.63	28098	0	145
2026.01.21	23:00:00	25326.93	25385.76	25326.33	25362.96	8927	0	145
2026.01.22	01:00:00	25416.06	25426.86	25381.06	25409.96	5873	0	158
2026.01.22	02:00:00	25409.76	25439.65	25396.45	25417.55	11264	0	150
2026.01.22	03:00:00	25418.75	25458.65	25410.55	25452.05	10311	0	145
2026.01.22	04:00:00	25452.25	25460.55	25422.75	25425.78	7683	0	145
2026.01.22	05:00:00	25426.58	25452.25	25426.18	25447.53	7810	0	145
2026.01.22	06:00:00	25447.43	25447.85	25424.15	25432.88	7177	0	145
2026.01.22	07:00:00	25433.18	25435.05	25385.75	25391.45	7640	0	145
2026.01.22	08:00:00	25390.95	25405.95	25341.05	25397.45	11485	0	150
2026.01.22	09:00:00	25397.35	25451.15	25357.25	25446.65	11801	0	160
2026.01.22	10:00:00	25445.85	25564.55	25440.35	25541.05	16006	0	180
2026.01.22	11:00:00	25540.85	25573.55	25530.55	25556.75	11559	0	150
2026.01.22	12:00:00	25557.25	25561.45	25528.15	25546.55	9534	0	145
2026.01.22	13:00:00	25546.25	25571.95	25524.55	25533.65	12186	0	145
2026.01.22	14:00:00	25531.95	25554.15	25517.05	25549.25	10063	0	150
2026.01.22	15:00:00	25548.95	25597.35	25535.85	25594.05	12935	0	160
2026.01.22	16:00:00	25593.85	25596.55	25412.93	25438.03	23368	0	145
2026.01.22	17:00:00	25437.93	25515.88	25395.43	25464.13	29151	0	145
2026.01.22	18:00:00	25464.33	25557.13	25461.63	25527.68	22277	0	145
2026.01.22	19:00:00	25527.58	25578.53	25510.63	25569.43	20337	0	145
2026.01.22	20:00:00	25568.43	25578.63	25525.13	25531.93	17516	0	145
2026.01.22	21:00:00	25531.63	25572.63	25492.08	25497.43	17457	0	145
2026.01.22	22:00:00	25497.93	25521.83	25442.63	25520.43	20890	0	145
2026.01.22	23:00:00	25520.33	25533.46	25487.06	25498.96	8042	0	145
2026.01.23	01:00:00	25451.66	25489.46	25442.66	25478.06	5705	0	150
2026.01.23	02:00:00	25477.76	25514.68	25457.25	25514.28	8093	0	145
2026.01.23	03:00:00	25513.78	25548.03	25509.33	25546.93	10797	0	145
2026.01.23	04:00:00	25547.53	25549.58	25528.28	25531.68	5728	0	145
2026.01.23	05:00:00	25531.78	25570.93	25531.18	25558.68	5740	0	145
2026.01.23	06:00:00	25558.58	25570.43	25549.38	25562.93	5134	0	145
2026.01.23	07:00:00	25563.03	25577.38	25556.35	25576.38	5240	0	145
2026.01.23	08:00:00	25576.08	25594.25	25566.53	25568.58	5606	0	145
2026.01.23	09:00:00	25569.18	25587.53	25546.25	25555.25	7366	0	145
2026.01.23	10:00:00	25554.95	25554.95	25445.55	25465.65	14482	0	160
2026.01.23	11:00:00	25465.35	25493.65	25405.15	25423.15	14414	0	170
2026.01.23	12:00:00	25421.85	25439.15	25414.55	25439.05	10626	0	160
2026.01.23	13:00:00	25438.75	25522.25	25436.45	25471.15	12848	0	160
2026.01.23	14:00:00	25472.95	25496.95	25448.55	25492.95	11285	0	160
2026.01.23	15:00:00	25492.85	25499.65	25425.35	25435.85	13100	0	170
2026.01.23	16:00:00	25435.65	25530.53	25421.15	25530.33	22502	0	145
2026.01.23	17:00:00	25530.63	25692.03	25530.53	25691.03	25605	0	145
2026.01.23	18:00:00	25692.83	25710.13	25625.83	25653.13	22095	0	145
2026.01.23	19:00:00	25653.23	25672.63	25548.03	25557.78	22689	0	145
2026.01.23	20:00:00	25558.38	25628.73	25553.38	25590.23	22805	0	145
2026.01.23	21:00:00	25590.03	25639.53	25584.13	25613.23	19387	0	145
2026.01.23	22:00:00	25613.03	25620.28	25556.28	25599.83	20007	0	145
2026.01.23	23:00:00	25599.73	25602.46	25537.06	25556.75	6515	0	145
2026.01.26	01:00:00	25328.76	25440.76	25324.16	25429.76	12059	0	208
2026.01.26	02:00:00	25428.86	25487.25	25415.25	25452.15	16619	0	180
2026.01.26	03:00:00	25451.95	25538.25	25440.65	25519.25	17224	0	180
2026.01.26	04:00:00	25519.55	25535.55	25467.75	25479.25	14821	0	170
2026.01.26	05:00:00	25478.75	25527.15	25478.55	25504.45	12467	0	160
2026.01.26	06:00:00	25504.55	25528.65	25492.95	25504.95	9493	0	145
2026.01.26	07:00:00	25505.35	25545.75	25496.65	25544.33	9633	0	145
2026.01.26	08:00:00	25544.43	25572.15	25535.65	25539.15	10911	0	145
2026.01.26	09:00:00	25538.95	25580.35	25536.15	25569.25	8148	0	150
2026.01.26	10:00:00	25569.75	25611.45	25568.55	25597.05	12509	0	150
2026.01.26	11:00:00	25597.65	25604.55	25452.15	25487.75	15095	0	150
2026.01.26	12:00:00	25486.85	25543.75	25483.45	25521.05	12066	0	160
2026.01.26	13:00:00	25520.75	25542.35	25511.85	25540.65	9270	0	150
2026.01.26	14:00:00	25539.95	25583.95	25539.65	25557.55	9650	0	150
2026.01.26	15:00:00	25557.75	25590.85	25527.85	25586.25	11569	0	170
2026.01.26	16:00:00	25586.05	25722.83	25574.33	25707.58	21395	0	145
2026.01.26	17:00:00	25707.38	25768.38	25673.23	25751.23	24303	0	145
2026.01.26	18:00:00	25751.13	25797.58	25720.68	25776.13	20516	0	145
2026.01.26	19:00:00	25775.13	25800.43	25749.13	25758.03	15107	0	145
2026.01.26	20:00:00	25757.93	25797.13	25741.13	25766.13	15649	0	145
2026.01.26	21:00:00	25765.93	25780.13	25745.23	25745.73	14624	0	145
2026.01.26	22:00:00	25745.93	25760.83	25707.93	25711.93	15878	0	145
2026.01.26	23:00:00	25711.9	25738.45	25701.26	25732.45	5968	0	150
2026.01.27	01:00:00	25713.56	25766.16	25711.96	25759.95	5401	0	150
2026.01.27	02:00:00	25760.05	25772.73	25745.15	25768.78	7770	0	145
2026.01.27	03:00:00	25767.08	25795.88	25765.48	25792.58	6431	0	145
2026.01.27	04:00:00	25792.38	25844.65	25791.48	25840.65	5975	0	145
2026.01.27	05:00:00	25840.05	25849.28	25833.08	25845.58	4928	0	145
2026.01.27	06:00:00	25845.78	25872.55	25841.78	25859.48	4261	0	145
2026.01.27	07:00:00	25859.08	25879.58	25842.48	25878.28	4793	0	145
2026.01.27	08:00:00	25877.88	25897.85	25868.88	25872.33	5306	0	145
2026.01.27	09:00:00	25872.23	25890.45	25862.33	25875.85	5737	0	145
2026.01.27	10:00:00	25875.55	25881.45	25837.15	25853.95	10724	0	150
2026.01.27	11:00:00	25853.75	25864.35	25837.45	25844.25	9019	0	150
2026.01.27	12:00:00	25843.95	25877.33	25840.35	25875.85	5920	0	145
2026.01.27	13:00:00	25875.65	25912.55	25861.75	25901.75	7145	0	145
2026.01.27	14:00:00	25898.85	25903.05	25861.15	25874.35	8486	0	145
2026.01.27	15:00:00	25873.55	25887.95	25852.45	25860.45	9592	0	150
2026.01.27	16:00:00	25860.25	25927.33	25787.73	25922.53	20936	0	145
2026.01.27	17:00:00	25923.03	25968.23	25892.58	25948.23	23511	0	145
2026.01.27	18:00:00	25949.53	25976.63	25943.33	25949.73	17426	0	145
2026.01.27	19:00:00	25949.63	25960.63	25920.63	25930.63	16800	0	145
2026.01.27	20:00:00	25931.63	25965.23	25907.43	25959.13	15930	0	145
2026.01.27	21:00:00	25958.23	25968.43	25943.23	25960.93	13885	0	145
2026.01.27	22:00:00	25960.73	25983.03	25938.13	25945.13	15702	0	145
2026.01.27	23:00:00	25944.63	25986.56	25930.16	25981.86	7069	0	145
2026.01.28	01:00:00	26009.16	26017.56	25999.66	26009.25	4727	0	150
2026.01.28	02:00:00	26009.05	26079.15	26006.58	26077.33	7911	0	145
2026.01.28	03:00:00	26078.93	26099.25	26072.83	26075.75	7826	0	145
2026.01.28	04:00:00	26075.95	26092.55	26074.25	26085.08	5561	0	145
2026.01.28	05:00:00	26085.28	26089.68	26063.78	26070.58	5516	0	145
2026.01.28	06:00:00	26070.78	26098.18	26070.58	26090.98	4629	0	145
2026.01.28	07:00:00	26090.68	26119.58	26090.58	26116.43	4961	0	145
2026.01.28	08:00:00	26116.53	26219.45	26116.53	26172.95	12675	0	145
2026.01.28	09:00:00	26173.15	26194.55	26160.15	26186.05	8442	0	145
2026.01.28	10:00:00	26186.15	26202.05	26142.05	26150.55	13114	0	150
2026.01.28	11:00:00	26150.65	26161.15	26123.25	26155.85	10442	0	150
2026.01.28	12:00:00	26155.75	26191.25	26143.15	26187.45	8149	0	145
2026.01.28	13:00:00	26187.85	26197.35	26158.45	26189.55	7662	0	145
2026.01.28	14:00:00	26190.55	26191.35	26135.85	26151.65	13609	0	160
2026.01.28	15:00:00	26153.35	26176.15	26126.15	26144.25	11775	0	170
2026.01.28	16:00:00	26144.15	26169.33	26085.03	26125.18	22514	0	145
2026.01.28	17:00:00	26124.48	26136.03	26030.48	26033.68	26180	0	145
2026.01.28	18:00:00	26033.48	26069.43	25971.93	25987.73	21509	0	145
2026.01.28	19:00:00	25988.23	26035.43	25981.43	26011.93	18612	0	145
2026.01.28	20:00:00	26011.83	26050.43	25993.23	26040.56	16141	0	120
2026.01.28	21:00:00	26040.32	26080.68	25984.53	26031.43	26760	0	128
2026.01.28	22:00:00	26031.53	26082.68	26004.73	26019.73	21782	0	145
2026.01.28	23:00:00	26018.83	26158.36	25867.76	26138.16	18175	0	145
2026.01.29	01:00:00	26141.86	26142.66	26033.56	26043.16	12174	0	188
2026.01.29	02:00:00	26043.06	26052.95	25978.05	26035.65	17645	0	180
2026.01.29	03:00:00	26036.55	26040.95	25959.05	26001.75	18917	0	170
2026.01.29	04:00:00	26001.65	26049.35	25995.95	26034.65	15373	0	170
2026.01.29	05:00:00	26034.95	26072.65	26034.65	26071.45	11541	0	150
2026.01.29	06:00:00	26071.25	26106.43	26068.45	26101.48	8140	0	145
2026.01.29	07:00:00	26101.28	26122.63	26084.15	26106.65	9548	0	145
2026.01.29	08:00:00	26106.85	26141.53	26104.95	26119.43	9104	0	145
2026.01.29	09:00:00	26119.03	26149.95	26104.45	26128.25	8823	0	145
2026.01.29	10:00:00	26128.35	26153.05	26100.15	26122.25	15266	0	150
2026.01.29	11:00:00	26121.85	26145.85	26083.35	26084.45	12456	0	150
2026.01.29	12:00:00	26084.35	26109.75	26060.05	26064.25	12219	0	150
2026.01.29	13:00:00	26064.35	26081.05	26048.55	26073.05	13505	0	170
2026.01.29	14:00:00	26072.85	26094.95	26029.85	26048.25	12634	0	150
2026.01.29	15:00:00	26048.65	26076.75	26023.75	26066.95	13404	0	160
2026.01.29	16:00:00	26067.65	26069.65	25731.73	25735.53	24486	0	145
2026.01.29	17:00:00	25736.73	25740.43	25409.23	25448.73	31870	0	145
2026.01.29	18:00:00	25450.13	25616.43	25412.23	25588.43	30155	0	145
2026.01.29	19:00:00	25588.53	25755.48	25585.83	25637.23	27520	0	145
2026.01.29	20:00:00	25637.03	25767.83	25634.93	25714.78	26834	0	145
2026.01.29	21:00:00	25714.98	25776.48	25698.73	25727.33	25302	0	145
2026.01.29	22:00:00	25727.93	25898.08	25719.93	25872.18	23249	0	145
2026.01.29	23:00:00	25870.08	25917.36	25837.86	25856.66	12824	0	145
2026.01.30	01:00:00	25830.06	25896.56	25762.56	25850.06	10708	0	198
2026.01.30	02:00:00	25850.26	25869.65	25785.35	25807.85	15261	0	190
2026.01.30	03:00:00	25808.15	25810.35	25674.75	25730.65	18911	0	180
2026.01.30	04:00:00	25731.55	25743.75	25614.65	25721.65	20293	0	190
2026.01.30	05:00:00	25722.05	25766.25	25706.05	25725.35	16201	0	180
2026.01.30	06:00:00	25725.15	25773.85	25721.85	25737.15	11762	0	160
2026.01.30	07:00:00	25738.35	25764.75	25710.15	25711.25	12762	0	170
2026.01.30	08:00:00	25712.25	25717.15	25615.05	25629.35	14703	0	170
2026.01.30	09:00:00	25629.55	25682.55	25579.85	25585.85	14155	0	190
2026.01.30	10:00:00	25587.85	25670.65	25560.35	25646.25	19383	0	190
2026.01.30	11:00:00	25646.15	25665.05	25528.15	25575.75	18834	0	190
2026.01.30	12:00:00	25575.15	25668.15	25572.35	25643.05	15702	0	190
2026.01.30	13:00:00	25643.15	25761.65	25642.05	25749.35	15109	0	170
2026.01.30	14:00:00	25749.15	25783.25	25700.75	25723.85	16400	0	190
2026.01.30	15:00:00	25724.05	25764.05	25659.85	25703.75	19501	0	190
2026.01.30	16:00:00	25704.55	25817.23	25684.75	25706.73	26964	0	145
2026.01.30	17:00:00	25706.23	25811.43	25650.33	25721.33	31201	0	145
2026.01.30	18:00:00	25720.63	25747.43	25626.83	25639.83	29441	0	145
2026.01.30	19:00:00	25640.83	25677.43	25561.13	25561.83	29400	0	145
2026.01.30	20:00:00	25561.73	25653.43	25451.13	25622.83	29336	0	145
2026.01.30	21:00:00	25622.93	25662.93	25534.23	25539.23	28665	0	145
2026.01.30	22:00:00	25539.43	25612.38	25453.33	25554.83	28446	0	145
2026.01.30	23:00:00	25558.33	25587.76	25507.06	25517.96	11420	0	145
