date	time	open	high	low	close	tickvol	vol	spread
2025.12.01	00:00:00	25423.06	25472.96	25214.75	25266.85	42395	0	170
2025.12.01	04:00:00	25266.95	25276.25	25143.05	25201.15	40701	0	150
2025.12.01	08:00:00	25200.65	25291.75	25181.75	25230.35	43088	0	150
2025.12.01	12:00:00	25230.45	25282.45	25160.25	25215.35	47835	0	160
2025.12.01	16:00:00	25213.75	25445.15	25158.75	25400.35	81787	0	60
2025.12.01	20:00:00	25400.15	25442.45	25304.25	25350.16	55635	0	60
2025.12.02	00:00:00	25360.86	25394.35	25328.76	25363.35	25113	0	130
2025.12.02	04:00:00	25362.55	25382.15	25298.75	25323.25	28681	0	140
2025.12.02	08:00:00	25321.65	25400.75	25274.75	25391.75	34252	0	140
2025.12.02	12:00:00	25391.25	25464.25	25386.55	25456.35	32505	0	140
2025.12.02	16:00:00	25456.65	25619.95	25364.95	25456.55	84002	0	60
2025.12.02	20:00:00	25456.65	25596.85	25447.35	25542.16	58524	0	60
2025.12.03	00:00:00	25567.86	25600.25	25527.45	25590.95	20696	0	140
2025.12.03	04:00:00	25591.45	25626.65	25588.05	25611.45	17797	0	130
2025.12.03	08:00:00	25611.65	25627.85	25564.35	25588.75	29465	0	130
2025.12.03	12:00:00	25588.65	25628.05	25556.85	25599.95	28884	0	140
2025.12.03	16:00:00	25600.05	25603.95	25372.55	25578.55	86918	0	60
2025.12.03	20:00:00	25578.65	25638.85	25561.55	25590.26	41516	0	60
2025.12.04	00:00:00	25603.76	25619.85	25577.35	25595.85	17439	0	130
2025.12.04	04:00:00	25596.15	25610.15	25568.75	25594.65	20261	0	130
2025.12.04	08:00:00	25594.75	25646.75	25558.25	25638.85	28711	0	130
2025.12.04	12:00:00	25639.15	25645.85	25573.45	25586.45	31728	0	140
2025.12.04	16:00:00	25586.65	25686.55	25461.55	25572.95	81917	0	60
2025.12.04	20:00:00	25572.85	25592.16	25444.45	25581.76	55281	0	60
2025.12.05	00:00:00	25599.16	25641.75	25566.66	25639.75	19830	0	130
2025.12.05	04:00:00	25639.85	25682.05	25637.45	25681.55	18226	0	130
2025.12.05	08:00:00	25681.25	25712.85	25661.95	25676.15	23292	0	130
2025.12.05	12:00:00	25675.85	25690.65	25538.25	25571.75	28053	0	130
2025.12.05	16:00:00	25572.05	25825.95	25569.55	25689.15	96361	0	60
2025.12.05	20:00:00	25688.65	25719.05	25639.05	25697.86	53446	0	60
2025.12.08	00:00:00	25701.86	25735.05	25664.55	25732.35	24278	0	130
2025.12.08	04:00:00	25732.15	25767.95	25726.25	25758.35	15577	0	130
2025.12.08	08:00:00	25758.25	25783.55	25731.25	25736.85	24610	0	130
2025.12.08	12:00:00	25736.65	25795.45	25724.95	25773.05	27159	0	130
2025.12.08	16:00:00	25772.75	25823.45	25557.25	25643.55	87594	0	60
2025.12.08	20:00:00	25643.45	25668.36	25529.05	25664.96	63400	0	60
2025.12.09	00:00:00	25683.66	25694.25	25651.25	25658.15	18861	0	130
2025.12.09	04:00:00	25657.95	25674.05	25629.05	25629.25	22053	0	130
2025.12.09	08:00:00	25629.65	25678.25	25613.05	25622.45	30781	0	130
2025.12.09	12:00:00	25622.65	25657.95	25567.95	25582.25	38150	0	140
2025.12.09	16:00:00	25582.05	25698.85	25526.45	25682.25	78783	0	120
2025.12.09	20:00:00	25682.15	25700.65	25641.36	25646.16	46411	0	120
2025.12.10	00:00:00	25651.36	25661.55	25607.95	25623.65	16915	0	130
2025.12.10	04:00:00	25623.85	25677.55	25622.65	25649.75	16357	0	130
2025.12.10	08:00:00	25649.95	25713.35	25649.25	25677.15	25071	0	130
2025.12.10	12:00:00	25677.25	25701.35	25583.65	25640.95	37665	0	140
2025.12.10	16:00:00	25640.85	25651.15	25498.15	25634.15	83717	0	120
2025.12.10	20:00:00	25634.35	25835.95	25564.65	25763.96	82447	0	120
2025.12.11	00:00:00	25733.86	25745.56	25623.55	25631.85	13432	0	140
2025.12.11	04:00:00	25631.25	25633.05	25356.15	25485.85	46638	0	150
2025.12.11	08:00:00	25486.15	25594.75	25443.95	25575.55	43114	0	150
2025.12.11	12:00:00	25576.65	25672.35	25552.05	25615.45	40583	0	140
2025.12.11	16:00:00	25615.95	25652.45	25362.75	25567.75	100708	0	120
2025.12.11	20:00:00	25566.85	25807.36	25557.35	25804.66	63391	0	120
2025.12.12	00:00:00	25686.96	25691.16	25620.75	25656.75	20162	0	140
2025.12.12	04:00:00	25656.65	25681.85	25632.45	25669.05	21070	0	130
2025.12.12	08:00:00	25669.15	25681.95	25540.55	25566.05	34172	0	130
2025.12.12	12:00:00	25564.65	25604.35	25511.15	25603.85	36978	0	140
2025.12.12	16:00:00	25603.55	25610.85	25101.55	25260.55	107983	0	120
2025.12.12	20:00:00	25261.95	25351.95	25129.55	25192.56	76219	0	120
2025.12.15	00:00:00	25165.26	25250.15	25121.76	25248.25	28396	0	140
2025.12.15	04:00:00	25248.15	25268.95	25218.95	25262.75	26946	0	130
2025.12.15	08:00:00	25262.65	25318.55	25216.45	25310.65	35286	0	140
2025.12.15	12:00:00	25310.75	25368.75	25302.75	25365.65	28778	0	130
2025.12.15	16:00:00	25365.25	25393.95	25020.75	25109.55	102793	0	120
2025.12.15	20:00:00	25109.05	25160.05	25056.06	25076.06	72487	0	120
2025.12.16	00:00:00	25099.76	25103.36	24845.65	24884.25	39795	0	158
2025.12.16	04:00:00	24885.75	24919.35	24836.75	24847.55	47331	0	150
2025.12.16	08:00:00	24848.45	24964.95	24809.25	24916.65	43229	0	150
2025.12.16	12:00:00	24916.85	25115.05	24901.85	24987.75	45646	0	160
2025.12.16	16:00:00	24988.05	25144.95	24917.95	24940.85	106424	0	120
2025.12.16	20:00:00	24936.85	25176.95	24914.85	25080.76	83579	0	120
2025.12.17	00:00:00	25068.56	25111.16	25016.25	25107.15	30571	0	160
2025.12.17	04:00:00	25106.75	25129.55	25041.55	25102.35	34975	0	150
2025.12.17	08:00:00	25102.45	25219.45	25101.45	25213.65	40548	0	150
2025.12.17	12:00:00	25212.65	25257.25	25148.35	25213.85	39501	0	140
2025.12.17	16:00:00	25213.95	25229.25	24737.85	24784.15	109250	0	120
2025.12.17	20:00:00	24785.15	24839.65	24652.55	24727.76	76642	0	120
2025.12.18	00:00:00	24747.16	24764.25	24668.25	24728.35	34553	0	168
2025.12.18	04:00:00	24728.05	24778.45	24669.45	24751.95	36206	0	150
2025.12.18	08:00:00	24751.75	24862.45	24720.85	24861.35	37855	0	150
2025.12.18	12:00:00	24862.15	25028.85	24830.05	24988.75	39119	0	140
2025.12.18	16:00:00	24987.55	25176.65	24927.05	25119.95	105951	0	120
2025.12.18	20:00:00	25120.55	25157.55	24949.85	24966.86	80470	0	120
2025.12.19	00:00:00	24998.86	25039.15	24968.26	25029.35	27374	0	160
2025.12.19	04:00:00	25027.95	25084.45	24999.45	25054.05	35433	0	140
2025.12.19	08:00:00	25054.25	25155.95	25029.65	25146.55	38336	0	140
2025.12.19	12:00:00	25146.45	25147.15	25036.35	25085.45	40088	0	140
2025.12.19	16:00:00	25086.15	25362.25	25061.35	25340.95	92376	0	120
2025.12.19	20:00:00	25340.75	25358.46	25305.15	25352.86	48419	0	120
2025.12.22	00:00:00	25416.56	25459.55	25394.36	25451.35	21374	0	130
2025.12.22	04:00:00	25451.05	25461.75	25425.15	25436.75	15225	0	130
2025.12.22	08:00:00	25436.65	25487.65	25436.65	25474.95	21691	0	130
2025.12.22	12:00:00	25475.35	25519.25	25460.25	25515.35	21605	0	130
2025.12.22	16:00:00	25516.05	25557.15	25393.05	25485.15	75512	0	120
2025.12.22	20:00:00	25485.35	25486.05	25437.85	25458.76	37770	0	120
2025.12.23	00:00:00	25472.76	25496.35	25462.45	25476.95	14464	0	130
2025.12.23	04:00:00	25476.85	25504.55	25444.35	25444.55	17366	0	130
2025.12.23	08:00:00	25444.15	25494.75	25420.15	25485.45	20241	0	130
2025.12.23	12:00:00	25485.25	25491.05	25374.95	25386.35	25341	0	130
2025.12.23	16:00:00	25386.55	25544.45	25375.35	25521.45	67939	0	120
2025.12.23	20:00:00	25521.15	25588.86	25518.65	25576.76	32525	0	120
2025.12.24	00:00:00	25577.16	25594.55	25570.26	25576.65	11612	0	130
2025.12.24	04:00:00	25576.15	25583.85	25551.35	25564.35	10607	0	130
2025.12.24	08:00:00	25564.15	25580.15	25556.85	25572.55	7365	0	130
2025.12.24	12:00:00	25572.35	25604.75	25559.15	25596.05	10268	0	130
2025.12.24	16:00:00	25595.85	25665.25	25557.65	25651.45	51410	0	120
2025.12.24	20:00:00	25651.75	25654.95	25626.15	25637.95	3331	0	120
2025.12.26	00:00:00	25660.86	25694.75	25644.46	25668.15	12648	0	130
2025.12.26	04:00:00	25668.05	25681.15	25650.55	25654.15	9235	0	130
2025.12.26	08:00:00	25654.65	25659.05	25621.85	25654.65	10964	0	130
2025.12.26	12:00:00	25654.55	25701.35	25644.95	25675.15	13058	0	130
2025.12.26	16:00:00	25675.45	25713.2	25613.1	25650.15	61917	0	120
2025.12.26	20:00:00	25650.65	25677.15	25632.56	25635.26	30634	0	120
2025.12.29	00:00:00	25655.86	25678.85	25621.45	25627.65	19472	0	130
2025.12.29	04:00:00	25627.95	25653.25	25603.25	25605.95	17227	0	130
2025.12.29	08:00:00	25605.55	25628.05	25516.85	25548.45	30907	0	130
2025.12.29	12:00:00	25548.35	25562.15	25446.55	25478.65	28092	0	130
2025.12.29	16:00:00	25479.95	25604.15	25435.1	25486.7	76205	0	130
2025.12.29	20:00:00	25486.6	25560.8	25467.6	25529.56	38556	0	120
2025.12.30	00:00:00	25517.26	25522.76	25483.35	25510.85	15861	0	130
2025.12.30	04:00:00	25511.15	25540.65	25488.35	25531.45	16431	0	130
2025.12.30	08:00:00	25531.65	25538.85	25471.75	25526.25	20541	0	130
2025.12.30	12:00:00	25525.95	25532.75	25478.05	25500.65	21770	0	130
2025.12.30	16:00:00	25500.95	25580.9	25461.7	25516.1	64621	0	130
2025.12.30	20:00:00	25516.0	25531.2	25456.6	25473.06	35522	0	120
2025.12.31	00:00:00	25471.06	25476.66	25377.45	25407.85	14363	0	130
2025.12.31	04:00:00	25407.65	25425.35	25384.35	25389.15	14905	0	130
2025.12.31	08:00:00	25388.85	25398.85	25342.45	25358.35	16747	0	130
2025.12.31	12:00:00	25358.45	25503.95	25350.65	25492.35	19825	0	130
2025.12.31	16:00:00	25491.05	25505.75	25332.5	25371.2	66396	0	130
2025.12.31	20:00:00	25371.5	25423.7	25223.16	25227.86	48482	0	130
2026.01.02	00:00:00	25252.26	25347.85	25250.66	25346.85	17055	0	130
2026.01.02	04:00:00	25347.15	25434.75	25346.75	25431.05	16258	0	130
2026.01.02	08:00:00	25430.95	25529.65	25416.65	25525.05	23329	0	130
2026.01.02	12:00:00	25526.35	25534.35	25471.45	25484.25	24667	0	130
2026.01.02	16:00:00	25484.05	25593.5	25097.3	25133.35	102564	0	130
2026.01.02	20:00:00	25133.45	25270.25	25074.8	25202.86	70155	0	120
2026.01.05	00:00:00	25259.36	25304.85	25224.26	25275.55	35919	0	150
2026.01.05	04:00:00	25275.05	25314.65	25270.85	25312.35	23566	0	130
2026.01.05	08:00:00	25312.65	25373.05	25272.85	25329.15	34663	0	130
2026.01.05	12:00:00	25329.45	25407.65	25328.15	25393.25	31037	0	130
2026.01.05	16:00:00	25392.95	25525.2	25357.2	25443.0	89292	0	130
2026.01.05	20:00:00	25442.9	25448.0	25365.2	25394.76	47401	0	120
2026.01.06	00:00:00	25407.66	25420.45	25371.25	25415.45	21293	0	130
2026.01.06	04:00:00	25416.45	25470.95	25410.55	25461.25	16786	0	130
2026.01.06	08:00:00	25461.15	25491.75	25344.75	25403.15	31255	0	130
2026.01.06	12:00:00	25403.55	25467.25	25389.55	25434.15	26722	0	130
2026.01.06	16:00:00	25433.85	25604.2	25410.45	25578.6	86065	0	130
2026.01.06	20:00:00	25578.8	25651.2	25564.3	25642.86	41669	0	120
2026.01.07	00:00:00	25651.06	25657.75	25627.85	25632.45	18487	0	130
2026.01.07	04:00:00	25631.65	25648.05	25591.45	25598.85	19959	0	130
2026.01.07	08:00:00	25599.25	25615.45	25542.75	25569.15	21958	0	130
2026.01.07	12:00:00	25568.15	25609.25	25544.15	25604.45	24967	0	130
2026.01.07	16:00:00	25603.95	25815.1	25577.45	25790.4	77442	0	120
2026.01.07	20:00:00	25790.3	25797.9	25634.65	25652.06	52960	0	120
2026.01.08	00:00:00	25659.36	25668.66	25628.75	25659.05	16911	0	130
2026.01.08	04:00:00	25659.25	25661.85	25559.45	25559.75	25349	0	130
2026.01.08	08:00:00	25559.95	25625.15	25492.95	25591.25	39930	0	140
2026.01.08	12:00:00	25591.05	25639.75	25564.05	25621.45	32361	0	130
2026.01.08	16:00:00	25621.25	25632.75	25392.3	25505.2	95972	0	130
2026.01.08	20:00:00	25505.4	25563.46	25422.2	25552.06	54865	0	120
2026.01.09	00:00:00	25538.16	25545.16	25451.75	25475.95	24276	0	130
2026.01.09	04:00:00	25475.65	25519.05	25473.35	25517.35	24974	0	130
2026.01.09	08:00:00	25516.85	25549.55	25476.55	25546.15	28696	0	130
2026.01.09	12:00:00	25546.85	25631.55	25538.35	25628.65	32436	0	130
2026.01.09	16:00:00	25628.55	25761.1	25442.2	25748.6	91237	0	124
2026.01.09	20:00:00	25747.6	25811.6	25707.8	25755.06	44652	0	120
2026.01.12	00:00:00	25721.06	25751.76	25553.85	25607.95	32994	0	150
2026.01.12	04:00:00	25607.75	25608.45	25507.85	25529.33	30322	0	145
2026.01.12	08:00:00	25529.63	25580.25	25464.15	25528.35	34032	0	145
2026.01.12	12:00:00	25528.45	25592.75	25517.05	25573.65	29125	0	145
2026.01.12	16:00:00	25574.05	25804.93	25550.15	25799.23	65030	0	145
2026.01.12	20:00:00	25799.43	25851.13	25777.36	25777.36	39018	0	145
2026.01.13	00:00:00	25754.46	25771.56	25680.05	25713.05	21385	0	145
2026.01.13	04:00:00	25713.85	25740.68	25695.53	25735.38	24578	0	145
2026.01.13	08:00:00	25735.68	25770.43	25727.05	25743.65	23815	0	145
2026.01.13	12:00:00	25743.35	25878.95	25704.85	25804.15	29718	0	145
2026.01.13	16:00:00	25801.65	25876.13	25644.48	25710.38	75989	0	145
2026.01.13	20:00:00	25710.28	25761.66	25639.63	25736.85	54375	0	145
2026.01.14	00:00:00	25744.06	25760.95	25715.85	25722.75	22491	0	145
2026.01.14	04:00:00	25722.95	25762.28	25689.93	25692.98	25213	0	145
2026.01.14	08:00:00	25692.78	25714.95	25672.25	25688.75	28763	0	145
2026.01.14	12:00:00	25689.25	25689.65	25538.75	25590.75	45408	0	145
2026.01.14	16:00:00	25591.05	25626.13	25274.38	25290.43	81849	0	145
2026.01.14	20:00:00	25290.53	25494.06	25262.43	25457.36	63439	0	145
2026.01.15	00:00:00	25447.46	25481.65	25401.85	25468.65	27250	0	145
2026.01.15	04:00:00	25468.55	25486.75	25409.05	25461.35	35022	0	145
2026.01.15	08:00:00	25460.75	25671.75	25450.25	25651.55	41223	0	150
2026.01.15	12:00:00	25651.25	25755.55	25639.35	25732.65	32538	0	145
2026.01.15	16:00:00	25733.05	25791.43	25643.13	25691.63	74902	0	145
2026.01.15	20:00:00	25688.43	25747.93	25517.38	25542.85	56365	0	145
2026.01.16	00:00:00	25555.96	25626.85	25545.16	25613.78	19606	0	145
2026.01.16	04:00:00	25613.58	25664.18	25607.03	25651.78	18628	0	145
2026.01.16	08:00:00	25651.58	25689.05	25639.15	25659.18	22377	0	145
2026.01.16	12:00:00	25660.08	25716.15	25645.95	25669.95	30313	0	145
2026.01.16	16:00:00	25669.75	25734.03	25435.63	25504.13	75013	0	145
2026.01.16	20:00:00	25503.63	25591.63	25498.13	25530.15	49852	0	145
2026.01.19	00:00:00	25274.86	25313.25	25220.05	25242.65	44478	0	170
2026.01.19	04:00:00	25242.75	25267.65	25208.55	25237.98	38941	0	145
2026.01.19	08:00:00	25237.88	25258.05	25108.25	25124.55	50080	0	145
2026.01.19	12:00:00	25124.65	25192.55	25101.55	25164.45	44748	0	160
2026.01.19	16:00:00	25164.25	25260.93	25080.93	25243.63	56707	0	145
2026.01.20	00:00:00	25235.96	25278.75	25171.35	25266.75	33143	0	160
2026.01.20	04:00:00	25266.35	25284.65	25213.45	25229.35	37661	0	145
2026.01.20	08:00:00	25228.45	25236.55	24942.55	24980.65	67549	0	160
2026.01.20	12:00:00	24980.85	25129.95	24956.05	25058.65	65610	0	180
2026.01.20	16:00:00	25059.15	25278.03	25047.95	25144.93	108971	0	145
2026.01.20	20:00:00	25141.73	25163.63	24951.18	24990.96	81227	0	145
2026.01.21	00:00:00	25019.26	25073.35	24958.36	25056.75	26193	0	145
2026.01.21	04:00:00	25057.15	25082.05	25022.85	25074.93	35536	0	145
2026.01.21	08:00:00	25074.73	25101.35	24983.45	24983.95	38172	0	145
2026.01.21	12:00:00	24984.05	25042.85	24881.25	24939.35	55708	0	150
2026.01.21	16:00:00	24938.85	25348.83	24927.95	25099.43	116775	0	145
2026.01.21	20:00:00	25100.73	25507.03	25006.23	25362.96	93303	0	145
2026.01.22	00:00:00	25416.06	25458.65	25381.06	25452.05	27448	0	145
2026.01.22	04:00:00	25452.25	25460.55	25385.75	25391.45	30310	0	145
2026.01.22	08:00:00	25390.95	25573.55	25341.05	25556.75	50851	0	150
2026.01.22	12:00:00	25557.25	25597.35	25517.05	25594.05	44718	0	145
2026.01.22	16:00:00	25593.85	25596.55	25395.43	25569.43	95133	0	145
2026.01.22	20:00:00	25568.43	25578.63	25442.63	25498.96	63905	0	145
2026.01.23	00:00:00	25451.66	25548.03	25442.66	25546.93	24595	0	145
2026.01.23	04:00:00	25547.53	25577.38	25528.28	25576.38	21842	0	145
2026.01.23	08:00:00	25576.08	25594.25	25405.15	25423.15	41868	0	145
2026.01.23	12:00:00	25421.85	25522.25	25414.55	25435.85	47859	0	160
2026.01.23	16:00:00	25435.65	25710.13	25421.15	25557.78	92891	0	145
2026.01.23	20:00:00	25558.38	25639.53	25537.06	25556.75	68714	0	145
2026.01.26	00:00:00	25328.76	25538.25	25324.16	25519.25	45902	0	180
2026.01.26	04:00:00	25519.55	25545.75	25467.75	25544.33	46414	0	145
2026.01.26	08:00:00	25544.43	25611.45	25452.15	25487.75	46663	0	145
2026.01.26	12:00:00	25486.85	25590.85	25483.45	25586.25	42555	0	150
2026.01.26	16:00:00	25586.05	25800.43	25574.33	25758.03	81321	0	145
2026.01.26	20:00:00	25757.93	25797.13	25701.26	25732.45	52119	0	145
2026.01.27	00:00:00	25713.56	25795.88	25711.96	25792.58	19602	0	145
2026.01.27	04:00:00	25792.38	25879.58	25791.48	25878.28	19957	0	145
2026.01.27	08:00:00	25877.88	25897.85	25837.15	25844.25	30786	0	145
2026.01.27	12:00:00	25843.95	25912.55	25840.35	25860.45	31143	0	145
2026.01.27	16:00:00	25860.25	25976.63	25787.73	25930.63	78673	0	145
2026.01.27	20:00:00	25931.63	25986.56	25907.43	25981.86	52586	0	145
2026.01.28	00:00:00	26009.16	26099.25	25999.66	26075.75	20464	0	145
2026.01.28	04:00:00	26075.95	26119.58	26063.78	26116.43	20667	0	145
2026.01.28	08:00:00	26116.53	26219.45	26116.53	26155.85	44673	0	145
2026.01.28	12:00:00	26155.75	26197.35	26126.15	26144.25	41195	0	145
2026.01.28	16:00:00	26144.15	26169.33	25971.93	26011.93	88815	0	145
2026.01.28	20:00:00	26011.83	26158.36	25867.76	26138.16	82858	0	120
2026.01.29	00:00:00	26141.86	26142.66	25959.05	26001.75	48736	0	170
2026.01.29	04:00:00	26001.65	26122.63	25995.95	26106.65	44602	0	145
2026.01.29	08:00:00	26106.85	26153.05	26083.35	26084.45	45649	0	145
2026.01.29	12:00:00	26084.35	26109.75	26023.75	26066.95	51762	0	150
2026.01.29	16:00:00	26067.65	26069.65	25409.23	25637.23	114031	0	145
2026.01.29	20:00:00	25637.03	25917.36	25634.93	25856.66	88209	0	145
2026.01.30	00:00:00	25830.06	25896.56	25674.75	25730.65	44880	0	180
2026.01.30	04:00:00	25731.55	25773.85	25614.65	25711.25	61018	0	160
2026.01.30	08:00:00	25712.25	25717.15	25528.15	25575.75	67075	0	170
2026.01.30	12:00:00	25575.15	25783.25	25572.35	25703.75	66712	0	170
2026.01.30	16:00:00	25704.55	25817.23	25561.13	25561.83	117006	0	145
2026.01.30	20:00:00	25561.73	25662.93	25451.13	25517.96	97867	0	145
