date	open	high	low	close	tickvol	vol	spread
2025.12.01	25423.06	25472.96	25143.05	25350.16	311441	0	60
2025.12.02	25360.86	25619.95	25274.75	25542.16	263077	0	60
2025.12.03	25567.86	25638.85	25372.55	25590.26	225276	0	60
2025.12.04	25603.76	25686.55	25444.45	25581.76	235337	0	60
2025.12.05	25599.16	25825.95	25538.25	25697.86	239208	0	60
2025.12.08	25701.86	25823.45	25529.05	25664.96	242618	0	60
2025.12.09	25683.66	25700.65	25526.45	25646.16	235039	0	120
2025.12.10	25651.36	25835.95	25498.15	25763.96	262172	0	120
2025.12.11	25733.86	25807.36	25356.15	25804.66	307866	0	120
2025.12.12	25686.96	25691.16	25101.55	25192.56	296584	0	120
2025.12.15	25165.26	25393.95	25020.75	25076.06	294686	0	120
2025.12.16	25099.76	25176.95	24809.25	25080.76	366004	0	120
2025.12.17	25068.56	25257.25	24652.55	24727.76	331487	0	120
2025.12.18	24747.16	25176.65	24668.25	24966.86	334154	0	120
2025.12.19	24998.86	25362.25	24968.26	25352.86	282026	0	120
2025.12.22	25416.56	25557.15	25393.05	25458.76	193177	0	120
2025.12.23	25472.76	25588.86	25374.95	25576.76	177876	0	120
2025.12.24	25577.16	25665.25	25551.35	25637.95	94593	0	120
2025.12.26	25660.86	25713.2	25613.1	25635.26	138456	0	120
2025.12.29	25655.86	25678.85	25435.1	25529.56	210459	0	120
2025.12.30	25517.26	25580.9	25456.6	25473.06	174746	0	120
2025.12.31	25471.06	25505.75	25223.16	25227.86	180718	0	130
2026.01.02	25252.26	25593.5	25074.8	25202.86	254028	0	120
2026.01.05	25259.36	25525.2	25224.26	25394.76	261878	0	120
2026.01.06	25407.66	25651.2	25344.75	25642.86	223790	0	120
2026.01.07	25651.06	25815.1	25542.75	25652.06	215773	0	120
2026.01.08	25659.36	25668.66	25392.3	25552.06	265388	0	120
2026.01.09	25538.16	25811.6	25442.2	25755.06	246271	0	120
2026.01.12	25721.06	25851.13	25464.15	25777.36	230521	0	145
2026.01.13	25754.46	25878.95	25639.63	25736.85	229860	0	145
2026.01.14	25744.06	25762.28	25262.43	25457.36	267163	0	145
2026.01.15	25447.46	25791.43	25401.85	25542.85	267300	0	145
2026.01.16	25555.96	25734.03	25435.63	25530.15	215789	0	145
2026.01.19	25274.86	25313.25	25080.93	25243.63	234954	0	145
2026.01.20	25235.96	25284.65	24942.55	24990.96	394161	0	145
2026.01.21	25019.26	25507.03	24881.25	25362.96	365687	0	145
2026.01.22	25416.06	25597.35	25341.05	25498.96	312365	0	145
2026.01.23	25451.66	25710.13	25405.15	25556.75	297769	0	145
2026.01.26	25328.76	25800.43	25324.16	25732.45	314974	0	145
2026.01.27	25713.56	25986.56	25711.96	25981.86	232747	0	145
2026.01.28	26009.16	26219.45	25867.76	26138.16	298672	0	120
2026.01.29	26141.86	26153.05	25409.23	25856.66	392989	0	145
2026.01.30	25830.06	25896.56	25451.13	25517.96	454558	0	145
