<DATE>	<OPEN>	<HIGH>	<LOW>	<CLOSE>	<TICKVOL>	<VOL>	<SPREAD>
2010.01.01	1.43259	1.45785	1.38610	1.38611	948949	0	8
2010.02.01	1.38627	1.40255	1.34433	1.36310	943750	0	8
2010.03.01	1.36222	1.38171	1.32671	1.35062	897812	0	8
2010.04.01	1.35065	1.36913	1.31141	1.32936	883127	0	8
2010.05.01	1.33296	1.33326	1.21435	1.23080	1288374	0	8
2010.06.01	1.23061	1.24664	1.18758	1.22302	1175430	1237300000	7
2010.07.01	1.22300	1.31060	1.21930	1.30504	1019903	0	7
2010.08.01	1.30596	1.33327	1.25874	1.26889	866477	0	5
2010.09.01	1.26892	1.36825	1.26434	1.36283	837519	0	5
2010.10.01	1.36295	1.41505	1.36183	1.39459	1105255	0	7
2010.11.01	1.39703	1.42813	1.29694	1.29811	1729897	0	8
2010.12.01	1.29809	1.34966	1.29707	1.33827	1652760	0	4
2011.01.01	1.33443	1.37573	1.28736	1.36908	1753273	0	5
2011.02.01	1.36908	1.38607	1.34279	1.38088	1340042	0	7
2011.03.01	1.38088	1.42479	1.37447	1.41736	1654474	0	5
2011.04.01	1.41733	1.48809	1.40614	1.48062	1378150	14575658000	6
2011.05.01	1.48249	1.49385	1.39692	1.43945	1466068	0	7
2011.06.01	1.43947	1.46955	1.40731	1.44906	1620097	0	6
2011.07.01	1.44908	1.45769	1.38371	1.43945	1811397	42079361000	5
2011.08.01	1.43607	1.45482	1.40553	1.43725	2194663	297638199316	4
2011.09.01	1.43725	1.43767	1.33624	1.33846	2322427	0	4
2011.10.01	1.33447	1.42460	1.31458	1.38594	2222807	0	2
2011.11.01	1.38592	1.38702	1.32119	1.34392	2194943	0	4
2011.12.01	1.34392	1.35449	1.28577	1.29565	1636281	0	3
2012.01.01	1.29443	1.32330	1.26241	1.30879	1771091	0	4
2012.02.01	1.30881	1.34856	1.29745	1.33232	1748617	0	4
2012.03.01	1.33227	1.33848	1.30032	1.33408	1595899	0	5
2012.04.01	1.33562	1.33801	1.29945	1.32417	1484306	0	5
2012.05.01	1.32416	1.32828	1.23362	1.23597	1791217	0	5
2012.06.01	1.23594	1.27468	1.22882	1.26655	1829608	0	5
2012.07.01	1.26696	1.26703	1.20418	1.22989	1720739	0	4
2012.08.01	1.22989	1.26360	1.21337	1.25783	1573184	0	4
2012.09.01	1.25803	1.31706	1.25012	1.28595	1367528	0	4
2012.10.01	1.28488	1.31384	1.28031	1.29582	1280791	0	2
2012.11.01	1.29581	1.30267	1.26612	1.29848	1280478	0	3
2012.12.01	1.29934	1.33076	1.28769	1.31964	989772	0	3
2013.01.01	1.32036	1.35931	1.29975	1.35869	1178890	0	3
2013.02.01	1.35864	1.37106	1.30180	1.30665	1000385	0	1
2013.03.01	1.30664	1.31341	1.27509	1.28148	902833	0	1
2013.04.01	1.28112	1.32015	1.27454	1.31664	1013686	0	1
2013.05.01	1.31667	1.32427	1.27962	1.29956	1105511	0	1
2013.06.01	1.29922	1.34158	1.29555	1.30078	1207940	0	1
2013.07.01	1.30144	1.33446	1.27553	1.32963	1175882	0	1
2013.08.01	1.33022	1.34518	1.31750	1.32195	941655	0	1
2013.09.01	1.32122	1.35685	1.31047	1.35215	713383	0	1
2013.10.01	1.35215	1.38320	1.34734	1.35880	791255	0	1
2013.11.01	1.35878	1.36214	1.32959	1.35901	733298	0	1
2013.12.01	1.35878	1.38930	1.35241	1.37876	732363	0	1
2014.01.01	1.37550	1.37749	1.34790	1.34849	909525	0	0
2014.02.01	1.34855	1.38241	1.34770	1.38016	711426	0	0
2014.03.01	1.37856	1.39666	1.37047	1.37735	1239721	0	0
2014.04.01	1.37734	1.39057	1.36725	1.38653	948587	0	0
2014.05.01	1.38656	1.39932	1.35858	1.36339	791684	0	0
2014.06.01	1.36304	1.36969	1.35028	1.36927	789482	0	0
2014.07.01	1.36928	1.36991	1.33665	1.33877	848574	0	1
2014.08.01	1.33872	1.34446	1.31323	1.31323	844191	0	1
2014.09.01	1.31292	1.31600	1.25712	1.26307	1157836	0	1
2014.10.01	1.26306	1.28868	1.24851	1.25231	1746135	0	1
2014.11.01	1.25085	1.25991	1.23571	1.24498	1630093	22224335000	1
2014.12.01	1.24613	1.25696	1.20973	1.20995	1642395	1871828546800	0
2015.01.01	1.20538	1.20690	1.10970	1.12844	1561542	26232873000	1
2015.02.01	1.13115	1.15332	1.11758	1.11957	1291573	0	1
2015.03.01	1.11805	1.12402	1.04619	1.07308	1697941	0	1
2015.04.01	1.07331	1.12659	1.05202	1.12222	1842954	0	1
2015.05.01	1.12188	1.14661	1.08185	1.09895	1720454	0	1
2015.06.01	1.09835	1.14360	1.08865	1.11453	3176993	0	1
2015.07.01	1.11380	1.12153	1.08078	1.09831	3311289	1336715057000	4
2015.08.01	1.09711	1.17138	1.08477	1.12090	3206990	4226895997000	4
2015.09.01	1.12079	1.14600	1.10869	1.11763	3225763	4743972801000	4
2015.10.01	1.11748	1.14949	1.08966	1.10050	2907777	4642429448000	0
2015.11.01	1.10266	1.10527	1.05576	1.05643	2932840	4662849704000	0
2015.12.01	1.05639	1.10593	1.05222	1.08609	3018603	4269213689000	0
2016.01.01	1.08696	1.09844	1.07104	1.08300	3351110	4724943247000	0
2016.02.01	1.08297	1.13761	1.08142	1.08718	3818540	5500152333000	0
2016.03.01	1.08751	1.14115	1.08219	1.13788	3055208	4663003257000	0
2016.04.01	1.13777	1.14645	1.12145	1.14504	2923549	4484811678000	0
2016.05.01	1.14582	1.16159	1.10977	1.11303	2699756	4213445043000	0
2016.06.01	1.11301	1.14278	1.09113	1.11048	3339585	5311811345000	0
2016.07.01	1.11014	1.11972	1.09314	1.11743	2607735	4145774761000	0
2016.08.01	1.11715	1.13661	1.10453	1.11571	2403774	3012405186000	0
2016.09.01	1.11562	1.13266	1.11228	1.12399	2579553	2837160733000	0
2016.10.01	1.12262	1.12439	1.08507	1.09762	2565398	2626603578000	0
2016.11.01	1.09761	1.12991	1.05176	1.05870	3413147	3007683461000	0
2016.12.01	1.05891	1.08734	1.03249	1.05068	2545165	1908170100000	0
2017.01.01	1.05100	1.08120	1.03399	1.07968	3219315	2682507305000	0
2017.02.01	1.07958	1.08284	1.04933	1.05757	2482533	2178835307000	0
2017.03.01	1.05731	1.09057	1.04946	1.06462	2754572	2488738235000	0
2017.04.01	1.06591	1.09506	1.05695	1.08921	1929575	1809612207000	0
2017.05.01	1.09086	1.12680	1.08387	1.12430	2519533	2418675949000	0
2017.06.01	1.12429	1.14451	1.11186	1.14254	1983487	187275049000	0
2017.07.01	1.14175	1.18446	1.13121	1.18397	2077101	0	7
2017.08.01	1.18397	1.20699	1.16619	1.19039	2261880	0	7
2017.09.01	1.19039	1.20921	1.17171	1.18131	2167133	1054193000	0
2017.10.01	1.17945	1.18797	1.15742	1.16457	1631656	0	0
2017.11.01	1.16451	1.19611	1.15540	1.19035	1533478	0	0
2017.12.01	1.19031	1.20255	1.17175	1.20045	1674856	0	0
2018.01.01	1.20088	1.25378	1.19155	1.24132	3529743	0	0
2018.02.01	1.24132	1.25554	1.21878	1.21929	3502479	0	1
2018.03.01	1.21924	1.24763	1.21546	1.23218	2911686	0	1
2018.04.01	1.23192	1.24137	1.20553	1.20774	1660348	0	1
2018.05.01	1.20772	1.20840	1.15098	1.16906	2483066	0	0
2018.06.01	1.16879	1.18519	1.15078	1.16831	2339635	0	0
2018.07.01	1.16841	1.17908	1.15747	1.16906	1968591	0	0
2018.08.01	1.16895	1.17333	1.13006	1.16021	1692688	0	2
2018.09.01	1.15955	1.18148	1.15255	1.16020	1391518	0	2
2018.10.01	1.16156	1.16243	1.13017	1.13135	1833494	0	2
2018.11.01	1.13134	1.14994	1.12153	1.13155	1650616	0	2
2018.12.01	1.13499	1.14855	1.12694	1.14558	1543294	0	2
2019.01.01	1.14454	1.15698	1.12889	1.14461	1618224	0	2
2019.02.01	1.14468	1.14880	1.12336	1.13696	1170778	0	2
2019.03.01	1.13697	1.14477	1.11756	1.12166	1314873	0	0
2019.04.01	1.12258	1.13235	1.11105	1.12140	1076088	0	2
2019.05.01	1.12148	1.12644	1.11066	1.11676	1189360	0	1
2019.06.01	1.11644	1.14116	1.11596	1.13693	1192123	0	1
2019.07.01	1.13670	1.13707	1.10601	1.10749	1002696	0	1
2019.08.01	1.10749	1.12495	1.09630	1.09893	1572648	0	1
2019.09.01	1.09899	1.11094	1.08846	1.08991	1090978	0	1
2019.10.01	1.08991	1.11793	1.08790	1.11514	999970	0	1
2019.11.01	1.11514	1.11753	1.09810	1.10152	655523	0	1
2019.12.01	1.10241	1.12392	1.10029	1.12171	674381	0	1
2020.01.01	1.12118	1.12246	1.09923	1.10948	579669	0	1
2020.02.01	1.10911	1.10924	1.07776	1.10293	710537	0	1
2020.03.01	1.10437	1.14946	1.06355	1.10348	1956033	0	1
2020.04.01	1.10309	1.10390	1.07270	1.09545	828427	0	1
2020.05.01	1.09516	1.11450	1.07666	1.11078	728211	0	1
2020.06.01	1.11165	1.14223	1.11007	1.12342	1008906	0	1
2020.07.01	1.12337	1.19086	1.11852	1.17721	988033	0	1
2020.08.01	1.17733	1.19661	1.16962	1.19374	913553	0	1
2020.09.01	1.19362	1.20111	1.16126	1.17214	901827	0	1
2020.10.01	1.17203	1.18808	1.16401	1.16466	792217	0	1
2020.11.01	1.16472	1.20031	1.16029	1.19252	810976	0	1
2020.12.01	1.19268	1.23098	1.19260	1.22178	809891	0	1
2021.01.01	1.22310	1.23493	1.20537	1.21356	831553	0	1
2021.02.01	1.21308	1.22428	1.19524	1.20726	665419	0	1
2021.03.01	1.20705	1.21130	1.17041	1.17293	774247	0	1
2021.04.01	1.17290	1.21498	1.17132	1.20209	556685	0	1
2021.05.01	1.20269	1.22664	1.19862	1.22256	607154	0	1
2021.06.01	1.22268	1.22544	1.18452	1.18600	639711	0	1
2021.07.01	1.18563	1.19087	1.17521	1.18731	657109	0	1
2021.08.01	1.18638	1.18998	1.16640	1.18090	526582	0	1
2021.09.01	1.18083	1.19091	1.15627	1.15757	630485	0	1
2021.10.01	1.15767	1.16920	1.15244	1.15623	832070	0	2
2021.11.01	1.15567	1.16164	1.11863	1.13397	1003913	0	2
2021.12.01	1.13362	1.13863	1.12221	1.13779	853808	0	2
2022.01.01	1.13648	1.14828	1.11214	1.12334	855683	0	2
2022.02.01	1.12338	1.14948	1.11065	1.12197	975661	0	2
2022.03.01	1.12156	1.12330	1.08061	1.10669	1284522	0	2
2022.04.01	1.10637	1.10762	1.04714	1.05464	1193820	0	2
2022.05.01	1.05454	1.07868	1.03498	1.07340	1384237	0	2
2022.06.01	1.07318	1.07738	1.03591	1.04833	1483687	0	2
2022.07.01	1.04824	1.04848	0.99522	1.02264	1486428	0	2
2022.08.01	1.02142	1.03684	0.99006	1.00525	1353903	0	2
2022.09.01	1.00484	1.01977	0.95360	0.97997	1454451	0	2
2022.10.01	0.97970	1.00938	0.96316	0.98828	2565523	0	2
2022.11.01	0.98790	1.04968	0.97301	1.04054	2404345	0	2
2022.12.01	1.04062	1.07360	1.03931	1.06999	2042275	0	2
2023.01.01	1.06994	1.09294	1.04819	1.08642	1935115	0	2
2023.02.01	1.08618	1.10329	1.05329	1.05744	1693891	0	2
2023.03.01	1.05753	1.09297	1.05160	1.08426	2186327	0	2
2023.04.01	1.08402	1.10955	1.07882	1.10166	1193556	0	2
2023.05.01	1.10195	1.10916	1.06351	1.06885	1317309	0	2
2023.06.01	1.06838	1.10119	1.06617	1.09106	1207561	0	2
2023.07.01	1.09105	1.12757	1.08335	1.09968	1328208	0	2
2023.08.01	1.09943	1.10647	1.07656	1.08423	1493463	0	2
2023.09.01	1.08423	1.08816	1.04880	1.05730	1743987	0	50
2023.10.01	1.05659	1.06940	1.04482	1.05746	2349039	0	50
2023.11.01	1.05735	1.10171	1.05168	1.08894	2068504	0	50
2023.12.01	1.08862	1.11393	1.07233	1.10390	1577075	0	2
2024.01.01	1.10423	1.10443	1.07945	1.08181	1694465	0	2
2024.02.01	1.08166	1.08975	1.06947	1.08045	1604456	0	2
2024.03.01	1.08009	1.09811	1.07675	1.07928	1442429	0	2
2024.04.01	1.07892	1.08851	1.06011	1.06669	1603794	0	2
2024.05.01	1.06659	1.08951	1.06493	1.08496	1183067	0	2
2024.06.01	1.08464	1.09160	1.06659	1.07130	986559	0	1
2024.07.01	1.07418	1.09480	1.07098	1.08260	1421784	0	2
2024.08.01	1.08244	1.12016	1.07775	1.10484	1667624	0	2
2024.09.01	1.10447	1.12139	1.10020	1.11351	1443439	0	2
2024.10.01	1.11298	1.11441	1.07612	1.08828	1468972	0	2
2024.11.01	1.08839	1.09370	1.03334	1.05773	1815941	0	2
2024.12.01	1.05669	1.06297	1.03430	1.03548	1480733	0	2
2025.01.01	1.03514	1.05331	1.01775	1.03584	1520178	0	2
2025.02.01	1.02411	1.05288	1.02107	1.03754	1142710	0	2
2025.03.01	1.04039	1.09546	1.03885	1.08167	1247811	0	2
2025.04.01	1.08168	1.15730	1.07782	1.13239	1770996	0	2
2025.05.01	1.13264	1.14187	1.10653	1.13467	1307559	0	2
2025.06.01	1.13453	1.17863	1.13442	1.17818	1197440	0	2
2025.07.01	1.17807	1.18294	1.14021	1.14144	1109821	0	2
2025.08.01	1.14145	1.17425	1.13914	1.16866	1118096	0	2
2025.09.01	1.16941	1.19186	1.16080	1.17334	1102593	0	0
2025.10.01	1.17314	1.17787	1.15215	1.15353	1116102	0	0
2025.11.01	1.15301	1.16560	1.14690	1.15963	927813	0	0
2025.12.01	1.15909	1.18081	1.15894	1.17454	1020425	0	0
2026.01.01	1.17466	1.20830	1.15771	1.18507	1308549	0	0
2026.02.01	1.18473	1.19286	1.17420	1.18118	1298457	0	0
2026.03.01	1.17666	1.17959	1.14105	1.15534	2280745	0	0
