<DATE>	<OPEN>	<HIGH>	<LOW>	<CLOSE>	<TICKVOL>	<VOL>	<SPREAD>
2017.01.01	825.40	959.90	824.50	955.10	99726	0	0
2017.02.01	961.30	1217.70	931.60	1193.20	277122	0	0
2017.03.01	1189.30	1343.40	905.00	1063.30	472910	0	0
2017.04.01	1070.30	1344.51	1065.00	1291.19	593033	0	0
2017.05.01	1341.11	2754.73	1338.37	2302.40	752756	4203099999999579551	0
2017.06.01	2280.02	2974.99	2115.49	2510.26	1021870	8011719999999198630	0
2017.07.01	2425.09	2931.35	1846.90	2873.48	861007	7746159999999223843	0
2017.08.01	2865.70	4759.21	2610.01	4728.01	883230	8758299999999105496	0
2017.09.01	4730.61	4924.93	2966.00	4176.32	949664	9484409999999045346	1200
2017.10.01	4306.84	6410.10	4130.47	6357.41	978308	9733199999998984376	0
2017.11.01	6361.48	11372.50	5636.84	9704.16	865284	5134309999999466935	0
2017.12.01	9661.99	19269.89	9351.18	13957.12	1696894	0	0
2018.01.01	13500.00	17069.99	9213.16	9950.08	1208518	0	0
2018.02.01	9969.58	11759.99	5900.72	10541.00	1258383	0	0
2018.03.01	10505.29	11667.57	6503.00	6900.10	1145697	0	0
2018.04.01	6896.00	9753.00	6400.00	9290.50	910291	0	0
2018.05.01	9211.00	9798.00	7050.00	7538.50	1118486	0	0
2018.06.01	7523.00	7752.00	5779.50	5898.50	777001	0	0
2018.07.01	6327.00	8479.99	6066.50	7657.24	722403	0	0
2018.08.01	7691.99	7763.99	5860.74	7030.50	1401015	0	0
2018.09.01	7277.75	7393.75	6093.25	6630.97	1126553	0	0
2018.10.01	6561.08	6783.64	6051.97	6299.75	1935526	0	0
2018.11.01	6296.14	6543.41	3513.64	3904.85	2226874	0	0
2018.12.01	4144.96	4235.14	3134.39	3747.89	1391783	0	0
2019.01.01	3716.65	4113.14	3322.50	3414.89	1176414	0	0
2019.02.01	3413.13	3986.71	3331.78	3804.34	437571	0	0
2019.03.01	3801.59	4098.86	3669.09	4071.10	400877	0	0
2019.04.01	4091.12	5635.68	4049.86	5231.32	574469	0	0
2019.05.01	5235.19	9075.12	5232.69	8512.87	1649773	0	0
2019.06.01	8674.20	13849.59	7413.00	12183.98	1589806	0	0
2019.07.01	11287.23	13183.53	9026.89	10037.09	1641854	0	0
2019.08.01	10019.33	12322.34	9265.84	9629.17	1555920	0	0
2019.09.01	9634.71	10939.34	7692.67	8219.19	1318952	0	0
2019.10.01	8156.14	9932.60	7250.42	9170.10	1251903	0	0
2019.11.01	9089.01	9552.60	6518.60	7719.10	875853	0	0
2019.12.01	7404.29	7730.11	6391.04	7140.79	1210995	0	0
2020.01.01	7128.58	9566.78	6851.79	9348.78	1484170	0	0
2020.02.01	9415.78	10502.78	8422.79	8666.29	2438826	0	0
2020.03.01	8498.90	9183.14	3771.79	6466.76	3756780	0	0
2020.04.01	6458.35	9470.07	6147.66	8796.04	2989204	0	0
2020.05.01	8769.60	10066.89	8142.29	9411.29	2443081	0	0
2020.06.01	9469.03	10363.89	8894.74	9142.92	1397291	0	0
2020.07.01	9146.99	11458.42	8892.44	11347.59	1052978	0	0
2020.08.01	11113.69	12460.57	10880.72	11671.57	1143498	0	0
2020.09.01	11659.42	12051.44	9861.06	10697.41	402830	0	0
2020.10.01	10704.12	13849.64	10384.60	13556.93	389566	0	1
2020.11.01	13769.25	19850.05	13200.28	19376.30	1657205	0	2
2020.12.01	19290.68	29285.51	17565.42	29014.46	2288148	0	4
2021.01.01	28969.25	41902.82	28290.13	34533.44	3252061	0	1
2021.02.01	32628.06	57527.55	32301.53	45904.05	2914941	0	19
2021.03.01	45211.64	60683.85	44810.14	58935.06	2806362	0	20
2021.04.01	58987.95	64814.31	47013.34	56620.16	2470102	0	0
2021.05.01	56930.30	59518.45	29320.56	36562.39	3568115	0	0
2021.06.01	36681.12	41221.60	29054.99	34515.76	3888792	0	0
2021.07.01	34667.35	42322.39	29247.99	41491.30	3074259	0	0
2021.08.01	41804.96	50489.40	37209.04	46903.05	2309645	0	0
2021.09.01	46840.08	52864.33	39558.20	43384.05	2841469	0	0
2021.10.01	43503.50	66997.10	43287.00	60980.60	3810088	0	0
2021.11.01	61013.25	69040.73	53304.26	57241.55	2319962	0	0
2021.12.01	57178.85	59092.66	41713.08	46254.29	2101182	0	0
2022.01.01	46446.13	48007.87	32915.51	38432.56	2001518	0	900
2022.02.01	38477.32	45839.21	34319.63	41602.76	1900694	0	900
2022.03.01	41689.26	48230.76	37152.76	45782.89	1712703	0	0
2022.04.01	45712.51	47446.23	37676.76	38314.26	1802670	0	900
2022.05.01	38226.31	40028.00	25277.01	31767.16	2557906	0	900
2022.06.01	31752.01	31953.51	17573.37	18660.50	2937699	0	900
2022.07.01	18761.19	24678.38	18711.09	23817.13	4199664	0	600
2022.08.01	23794.95	25206.69	19508.82	20191.91	4291417	0	600
2022.09.01	20170.26	22779.99	18139.05	19398.58	4884619	0	900
2022.10.01	19394.00	21072.95	18103.96	20410.38	5112073	0	900
2022.11.01	20400.84	21470.76	15444.42	17080.89	5598111	0	900
2022.12.01	17097.75	18375.75	16246.80	16541.15	2811788	0	900
2023.01.01	16497.35	23963.25	16478.65	22913.00	2997761	0	900
2023.02.01	22928.22	25266.75	21360.25	23131.65	3792139	0	900
2023.03.01	23150.35	29171.67	19552.12	28439.25	4109618	0	900
2023.04.01	28378.99	31053.25	26939.97	29341.50	3302158	0	1200
2023.05.01	29377.24	29865.25	25800.00	27110.00	3871938	0	1200
2023.06.01	27093.75	31424.00	24751.08	30387.53	5967426	0	1200
2023.07.01	30377.16	31833.64	28844.75	29178.15	1475818	0	1200
2023.08.01	29170.25	30234.70	24665.20	26045.95	1313398	0	1200
2023.09.01	26007.19	27470.83	24884.09	27052.45	1474785	0	0
2023.10.01	26989.18	35595.00	26519.05	34615.25	2415119	0	0
2023.11.01	34603.96	38485.10	34071.71	37730.35	3225687	0	0
2023.12.01	37732.46	44773.25	37582.05	42576.05	2252278	0	0
2024.01.01	42548.45	49005.71	38542.51	42391.75	2798953	0	0
2024.02.01	42409.73	64292.54	41861.92	61274.54	2207917	0	0
2024.03.01	61292.05	73855.44	59136.24	71008.72	4595052	0	0
2024.04.01	70883.24	72855.02	59152.24	59798.64	4092882	0	892
2024.05.01	60163.04	72084.57	56526.82	67649.84	3044061	0	692
2024.06.01	67716.24	72048.41	58233.40	62052.84	1218610	0	0
2024.07.01	61954.34	70062.74	53336.90	64589.14	1751975	0	0
2024.08.01	64605.74	65637.74	48881.77	58924.74	2175773	0	0
2024.09.01	59032.74	66409.70	52595.56	63785.84	1391053	0	0
2024.10.01	63746.54	73638.36	58888.94	69803.26	1338765	0	0
2024.11.01	69992.04	99644.07	66798.54	96902.94	1898548	0	0
2024.12.01	96601.14	108330.07	91031.77	93832.64	1447211	0	0
2025.01.01	93764.24	109860.49	88983.47	101891.74	1730393	0	0
2025.02.01	102060.74	102717.54	78207.27	84129.19	2134143	0	2944
2025.03.01	84352.39	94942.40	76545.24	82332.60	2655730	0	2944
2025.04.01	82454.30	95734.87	74445.67	94585.31	2063242	0	2632
2025.05.01	94565.31	111941.27	93315.67	104699.41	1366841	0	0
2025.06.01	104755.01	110628.07	98107.71	107482.11	1087087	0	2632
2025.07.01	107432.51	123237.87	104994.17	116394.80	1065094	0	100
2025.08.01	116582.60	124544.83	107469.68	109026.66	6257003	0	100
2025.09.01	108990.94	117873.74	107210.92	114649.63	5635135	0	100
2025.10.01	114692.24	126186.80	101803.92	109446.12	6193042	0	0
2025.11.01	109552.07	111201.15	80599.60	91127.15	9314706	0	100
2025.12.01	91228.64	94554.32	83788.61	87785.83	9631273	0	100
2026.01.01	87752.16	97908.77	75550.80	78198.05	8059463	0	0
2026.02.01	78183.43	79391.02	59849.88	66581.49	11782734	0	100
2026.03.01	67072.92	75984.14	64938.66	68176.71	12201509	0	100
