<DATE>	<OPEN>	<HIGH>	<LOW>	<CLOSE>	<TICKVOL>	<VOL>	<SPREAD>
2017.01.15	825.40	913.30	824.50	894.10	19679	0	0
2017.01.22	903.62	921.90	879.80	912.50	60640	0	0
2017.01.29	910.25	1019.70	905.00	1003.13	53001	0	0
2017.02.05	1007.30	1071.80	931.60	994.13	67922	0	0
2017.02.12	992.17	1060.80	973.20	1036.76	64723	0	0
2017.02.19	1031.90	1217.70	1021.63	1135.00	77875	0	0
2017.02.26	1140.00	1291.50	1127.58	1256.52	92907	0	0
2017.03.05	1249.98	1343.40	972.50	1160.00	119863	0	0
2017.03.12	1166.50	1257.00	972.70	973.43	101951	0	0
2017.03.19	965.00	1147.00	905.00	956.40	120678	0	0
2017.03.26	980.04	1096.00	962.98	1069.79	94778	0	0
2017.04.02	1070.19	1198.90	1070.00	1169.99	93975	0	0
2017.04.09	1164.00	1225.46	1138.03	1180.16	156187	0	0
2017.04.16	1175.19	1249.30	1158.01	1223.99	146240	0	0
2017.04.23	1225.36	1344.51	1212.53	1295.69	150098	0	0
2017.04.30	1291.01	1620.01	1284.73	1466.83	141272	0	0
2017.05.07	1483.49	1889.64	1469.00	1695.65	187350	912609999999908725	0
2017.05.14	1716.99	1993.99	1638.61	1992.09	157846	1118149999999888172	0
2017.05.21	1994.99	2754.73	1736.92	1929.99	175281	1281019999999871822	0
2017.05.28	1944.25	2497.99	1903.37	2474.99	197171	1526659999999847287	0
2017.06.04	2479.89	2927.99	2410.00	2779.50	231673	1702279999999829660	0
2017.06.11	2804.92	2974.99	2115.49	2553.58	268082	1952379999999804731	0
2017.06.18	2561.50	2783.98	2420.13	2566.98	234341	1885899999999811389	0
2017.06.25	2538.29	2632.78	2286.43	2354.84	220062	1835819999999816395	0
2017.07.02	2362.03	2634.26	2328.74	2506.91	244041	2018189999999798133	0
2017.07.09	2521.99	2535.18	2143.73	2158.50	225194	1980839999999801709	0
2017.07.16	1858.47	2931.35	1846.90	2638.05	170384	1703269999999828558	1000
2017.07.23	2776.50	2818.98	2396.00	2743.14	169060	1682399999999831594	0
2017.07.30	2706.44	2924.06	2610.01	2826.68	162092	1617969999999838096	0
2017.08.06	3249.46	3564.35	3181.50	3560.00	187076	1839049999999815377	0
2017.08.13	3992.68	4471.03	3803.16	4038.23	200961	1993109999999796946	0
2017.08.20	4071.81	4443.92	3595.50	4317.98	220903	2195409999999775137	0
2017.08.27	4338.54	4924.93	4163.50	4873.98	191480	1905529999999799920	0
2017.09.03	4521.44	4673.96	3995.94	4191.00	217762	2171359999999781165	1200
2017.09.10	4240.34	4369.38	2966.00	3719.17	245750	2452179999999751100	1500
2017.09.17	3664.55	4115.11	3506.52	3603.92	224993	2249349999999774996	1500
2017.09.24	3661.15	4262.41	3650.89	4176.32	218027	2180209999999781954	1500
2017.10.01	4306.84	4445.50	4130.47	4329.72	217318	2149229999999785021	0
2017.10.08	4561.15	5838.93	4534.35	5582.93	233966	2337809999999760001	1500
2017.10.15	5489.92	6065.37	5097.00	5969.22	218214	2168619999999758814	0
2017.10.22	5867.04	6036.50	5358.53	5727.37	218003	2171569999999773333	1500
2017.10.29	6159.62	7470.50	6016.76	7237.50	210663	2066799999999781698	0
2017.11.05	7357.84	7878.00	6419.45	6600.46	202678	2002309999999793994	2000
2017.11.12	5809.73	7987.00	5636.84	7685.65	199787	1971169999999798450	2000
2017.11.19	8010.43	8344.41	7762.50	8244.95	164673	0	0
2017.11.26	9211.42	11372.50	8980.01	10914.39	266792	0	0
2017.12.03	10791.42	16635.71	10505.96	15498.57	490040	0	0
2017.12.10	14374.44	17901.99	14134.49	17353.00	520544	0	0
2017.12.17	18817.73	19269.89	11139.93	14165.02	369451	0	0
2017.12.24	13702.55	16460.51	12030.00	12931.63	226859	0	0
2017.12.31	14091.28	17069.99	12890.58	16816.46	204700	0	0
2018.01.07	16170.00	16480.00	12787.27	14115.12	258365	0	0
2018.01.14	13454.14	14362.01	9213.16	12883.00	257160	0	0
2018.01.21	11329.73	11881.00	9907.54	11600.00	267044	0	0
2018.01.28	11420.07	11969.10	7605.26	9106.51	356546	0	0
2018.02.04	8996.30	9330.00	5900.72	8252.57	317990	0	0
2018.02.11	8496.55	10852.49	7798.00	10848.27	318774	0	0
2018.02.18	10969.79	11759.99	9352.00	9480.03	302369	0	0
2018.02.25	9660.00	11481.00	9255.42	11269.27	304221	0	0
2018.03.04	11369.45	11667.57	8347.00	8794.87	288581	0	4001
2018.03.11	8794.52	9871.99	7662.00	7801.30	310071	0	0
2018.03.18	7997.37	9167.00	7305.37	8894.40	275412	0	0
2018.03.25	8580.00	8673.90	6503.00	6900.10	152863	0	0
2018.04.01	6896.00	7479.00	6400.00	6995.80	134040	0	0
2018.04.08	6959.00	8219.00	6581.00	8073.60	150675	0	0
2018.04.15	8047.70	8550.00	7809.00	8513.50	288205	0	0
2018.04.22	8902.50	9753.00	8637.50	8992.00	300418	0	0
2018.04.29	9313.00	9798.00	8817.00	9673.00	224549	0	0
2018.05.06	9527.50	9639.00	8368.00	8410.50	231231	0	0
2018.05.13	8658.50	8880.00	7917.50	8211.00	264303	0	0
2018.05.20	8547.00	8580.00	7259.50	7440.00	262948	0	0
2018.05.27	7303.20	7604.00	7050.00	7433.00	230090	0	0
2018.06.03	7704.50	7752.00	7351.50	7639.00	287140	0	0
2018.06.10	6727.00	6903.00	6101.00	6494.00	197769	0	0
2018.06.17	6478.50	6828.50	5990.00	6047.50	97952	0	0
2018.06.24	6166.00	6336.50	5779.50	5898.50	136458	0	0
2018.07.01	6327.00	6798.00	6267.50	6562.50	232612	0	0
2018.07.08	6731.00	6807.50	6066.50	6178.50	188221	0	0
2018.07.15	6368.50	7681.50	6326.50	7365.00	80442	0	0
2018.07.22	7351.00	8479.99	7341.50	8240.24	157749	0	0
2018.07.29	8207.49	8282.74	7275.49	7374.49	140683	0	0
2018.08.05	7054.49	7154.49	6108.24	6179.74	330147	0	0
2018.08.12	6325.29	6620.74	5860.74	6455.74	587171	0	0
2018.08.19	6507.00	6864.49	6217.24	6600.49	253518	0	0
2018.08.26	6669.74	7117.99	6638.49	7030.50	152875	0	0
2018.09.02	7277.75	7393.75	6211.75	6429.00	180587	0	0
2018.09.09	6376.75	6571.50	6160.25	6524.00	394204	0	58
2018.09.16	6490.75	6955.25	6093.25	6709.50	238077	0	0
2018.09.23	6660.72	6781.97	6319.86	6630.97	313685	0	0
2018.09.30	6561.08	6635.07	6396.07	6541.13	334663	0	47
2018.10.07	6530.98	6663.68	6051.97	6214.80	430973	0	0
2018.10.14	6197.01	6783.64	6154.08	6383.15	581549	0	0
2018.10.21	6431.40	6622.63	6361.87	6398.04	357508	0	0
2018.10.28	6387.00	6428.54	6190.15	6348.94	335141	0	51
2018.11.04	6409.97	6543.41	6307.17	6327.19	445825	0	421
2018.11.11	6308.90	6393.70	5192.74	5456.52	546228	0	0
2018.11.18	5545.94	5557.76	4030.39	4265.65	641977	0	0
2018.11.25	4014.64	4409.64	3513.64	3904.85	488536	0	0
2018.12.02	4144.96	4154.93	3202.14	3347.89	465951	0	0
2018.12.09	3507.89	3589.14	3134.39	3148.64	233421	0	0
2018.12.16	3184.65	4170.15	3175.99	3845.39	376711	0	0
2018.12.23	3928.72	4235.14	3562.89	3894.89	262653	0	0
2018.12.30	3810.01	3913.14	3695.39	3834.89	256916	0	0
2019.01.06	4027.64	4113.14	3548.39	3650.76	356460	0	0
2019.01.13	3497.14	3713.57	3485.14	3611.33	278497	0	0
2019.01.20	3535.23	3610.59	3418.08	3558.10	192118	0	0
2019.01.27	3535.25	3542.10	3322.50	3447.88	164644	0	0
2019.02.03	3391.38	3707.35	3331.78	3581.14	58315	0	0
2019.02.10	3599.38	3653.88	3532.14	3564.39	67094	0	0
2019.02.17	3589.64	3986.71	3583.89	3941.97	188584	0	0
2019.02.24	3767.77	3888.09	3647.09	3828.34	121387	0	0
2019.03.03	3787.34	3910.35	3669.09	3874.60	99101	0	0
2019.03.10	3897.85	3912.36	3776.80	3897.85	86965	0	0
2019.03.17	3974.35	4056.44	3909.69	3978.89	110236	0	0
2019.03.24	3954.34	4098.86	3845.19	4071.10	87592	0	0
2019.03.31	4091.12	5337.76	4049.86	4990.85	261104	0	0
2019.04.07	5128.01	5460.22	4897.43	5039.99	148671	0	0
2019.04.14	5086.99	5354.73	4938.23	5263.98	58307	0	0
2019.04.21	5253.73	5635.68	4945.48	5095.23	83644	0	0
2019.04.28	5113.19	5795.94	5066.94	5689.94	73459	0	0
2019.05.05	5776.97	6423.46	5560.21	6261.46	228206	0	0
2019.05.12	7145.42	8387.46	6504.33	7099.04	629580	0	0
2019.05.19	8029.45	8313.45	7449.95	8093.20	424703	0	0
2019.05.26	8537.45	9075.12	7962.13	8512.87	316568	0	0
2019.06.02	8674.20	8757.37	7413.00	7961.29	340767	0	0
2019.06.09	7710.24	8468.34	7499.99	8465.24	241932	0	0
2019.06.16	8939.24	9952.50	8842.26	9882.24	293708	0	0
2019.06.23	11034.14	13849.59	10229.10	12183.98	713399	0	0
2019.06.30	11287.23	12050.61	9618.36	10984.14	434637	0	0
2019.07.07	11512.21	13183.53	10915.17	11867.84	362528	0	0
2019.07.14	10609.43	11069.42	9026.89	10498.59	436330	0	0
2019.07.21	10470.31	10670.84	9475.29	9847.84	271540	0	0
2019.07.28	9429.35	10661.34	9095.09	10380.09	253910	0	0
2019.08.04	10863.91	12322.34	10765.39	11851.59	425806	0	0
2019.08.11	11389.90	11558.25	9470.15	10404.59	362613	0	0
2019.08.18	10287.91	10951.84	9749.15	10333.34	337281	0	0
2019.08.25	9963.19	10632.59	9265.84	9629.17	313129	0	0
2019.09.01	9634.71	10939.34	9622.64	10322.84	289790	0	0
2019.09.08	10365.12	10525.09	9866.88	10249.84	241642	0	0
2019.09.15	10201.02	10375.84	9597.34	10129.84	235643	0	0
2019.09.22	10005.80	10070.09	7704.84	8057.09	479260	0	0
2019.09.29	7925.91	8515.02	7692.67	8179.78	292303	0	0
2019.10.06	7836.18	8806.94	7759.25	8336.32	293720	0	0
2019.10.13	8166.31	8401.58	7786.10	7942.09	213847	0	0
2019.10.20	8193.13	8763.58	7250.42	8593.59	270966	0	0
2019.10.27	9523.48	9932.60	8943.60	9209.10	318875	0	0
2019.11.03	9169.60	9552.60	8633.60	8867.10	247747	0	0
2019.11.10	9048.60	9088.10	8318.10	8453.60	177459	0	0
2019.11.17	8471.45	8549.60	6752.60	7326.60	171995	0	0
2019.11.24	7029.60	7870.60	6518.60	7719.10	213461	0	0
2019.12.01	7404.29	7730.11	7076.74	7461.37	289935	0	0
2019.12.08	7535.73	7637.10	7048.10	7237.85	159560	0	0
2019.12.15	7041.06	7427.29	6391.04	7191.79	417815	0	0
2019.12.22	7392.79	7687.79	7035.29	7215.29	261054	0	0
2019.12.29	7383.79	7423.79	6851.79	7274.80	206035	0	0
2020.01.05	7369.01	8452.40	7294.41	8047.29	469376	0	0
2020.01.12	8098.29	9010.28	8037.29	8912.78	372182	0	0
2020.01.19	8727.29	8792.29	8209.79	8493.79	238281	0	0
2020.01.26	8487.29	9566.78	8486.79	9348.78	280927	0	0
2020.02.02	9415.78	9875.78	9037.79	9741.78	379839	0	0
2020.02.09	10074.78	10502.78	9686.28	10341.29	626124	0	0
2020.02.16	9665.29	10307.29	9266.29	9655.79	493655	0	0
2020.02.23	9854.97	10026.29	8422.79	8666.29	939208	0	0
2020.03.01	8498.90	9183.14	8477.79	9130.79	716442	0	0
2020.03.08	8267.79	8288.29	3771.79	5470.29	1385679	0	0
2020.03.15	5211.51	6917.99	4417.29	5917.04	901698	0	0
2020.03.22	5992.98	6980.47	5666.63	6679.22	599235	0	0
2020.03.29	5900.16	7253.42	5722.29	6688.69	476936	0	0
2020.04.05	6730.45	7468.61	6721.16	6917.78	816881	0	0
2020.04.12	7084.58	7210.36	6466.05	7060.29	902560	0	0
2020.04.19	7132.10	7762.67	6747.86	7526.28	490362	0	0
2020.04.26	7633.97	9470.07	7587.70	8708.04	626183	0	0
2020.05.03	8804.37	10066.89	8528.94	9989.74	563009	0	0
2020.05.10	8717.34	9916.24	8142.29	9240.69	668125	0	0
2020.05.17	9714.56	9942.49	8785.19	9195.99	632842	0	0
2020.05.24	8992.81	9618.42	8622.49	9411.29	409113	0	0
2020.05.31	9469.03	10363.89	9222.59	9697.69	448337	0	0
2020.06.07	9686.29	9997.22	9001.74	9463.64	364204	0	0
2020.06.14	9376.69	9586.59	8894.74	9302.34	295138	0	0
2020.06.21	9310.84	9758.29	8976.34	9199.17	207249	0	0
2020.06.28	9096.04	9299.17	8928.69	9088.92	179754	0	0
2020.07.05	9015.13	9474.59	8892.44	9232.92	183114	0	0
2020.07.12	9231.19	9342.39	9024.14	9153.67	154492	0	0
2020.07.19	9177.54	9676.14	9125.69	9623.34	152428	0	0
2020.07.26	9879.44	11458.42	9846.43	11347.59	465553	0	0
2020.08.02	11113.69	11917.81	10880.72	11570.46	403573	0	0
2020.08.09	11666.54	12077.58	11110.43	11773.05	543393	0	0
2020.08.16	11831.50	12460.57	11589.67	11631.36	71650	0	38
2020.08.23	11651.55	11817.94	11123.86	11478.01	113726	0	29
2020.08.30	11625.37	12051.44	9931.78	10575.69	151396	0	26
2020.09.06	10233.44	10488.15	9861.06	10323.26	84350	0	0
2020.09.13	10303.19	11088.41	10240.75	10890.49	95409	0	0
2020.09.20	10844.09	10964.71	10136.86	10707.39	62142	0	0
2020.09.27	10728.35	10959.83	10384.60	10529.22	43005	0	104
2020.10.04	10638.19	11098.53	10523.47	11030.46	59783	0	106
2020.10.11	11277.14	11716.28	11179.88	11299.19	79342	0	112
2020.10.18	11430.11	13192.81	11400.98	12930.05	128903	0	1
2020.10.25	13009.85	13849.64	12781.21	13556.93	99222	0	93
2020.11.01	13769.25	15924.17	13200.28	15529.96	125615	0	130
2020.11.08	15347.13	16482.00	14831.30	16287.70	448425	0	2
2020.11.15	15833.80	18811.18	15777.21	18569.41	427548	0	7
2020.11.22	18529.47	19464.51	16243.73	17028.45	537973	0	3
2020.11.29	18138.05	19897.59	18063.92	18796.19	641526	0	74
2020.12.06	19222.62	19417.07	17565.42	18099.41	455369	0	77
2020.12.13	19155.70	23698.66	18961.06	22884.73	540172	0	4
2020.12.20	23231.12	24654.95	22005.63	24348.27	408474	0	200
2020.12.27	26325.00	29636.52	25863.61	29235.49	512779	0	28
2021.01.03	33378.59	41902.82	28290.13	39626.83	784975	0	15
2021.01.10	38162.09	40055.18	30331.21	36097.87	643000	0	104
2021.01.17	36659.35	37831.63	28824.93	33274.64	757770	0	1
2021.01.24	31830.28	38573.74	29204.36	34533.44	913788	0	2
2021.01.31	32628.06	38700.12	32301.53	37800.57	928053	0	222
2021.02.07	38429.68	48919.35	37999.46	47796.15	746738	0	19
2021.02.14	48788.20	56283.33	45654.30	55434.51	359090	0	26
2021.02.21	57346.60	57527.55	44074.88	45904.05	881060	0	43
2021.02.28	45211.64	52570.01	44810.14	49056.65	856466	0	20
2021.03.07	49993.25	58086.31	49265.68	56761.73	393441	0	312
2021.03.14	59914.33	60683.85	53228.63	58490.04	810739	0	5337
2021.03.21	57933.72	58375.08	48000.00	54305.27	562835	0	59
2021.03.28	54905.94	60056.59	54721.35	57897.23	317444	0	0
2021.04.04	57475.70	61151.65	55432.77	58800.24	428043	0	0
2021.04.11	59013.00	64814.31	59013.00	60713.13	520021	0	0
2021.04.18	60512.35	60664.19	47435.31	50884.95	756980	0	0
2021.04.25	50379.51	57907.22	47013.34	57587.57	646118	0	0
2021.05.02	57509.66	58899.04	52843.49	58047.07	492688	0	0
2021.05.09	58829.21	59518.45	45809.95	49351.64	621276	0	0
2021.05.16	46914.33	49810.14	29320.56	38114.02	1345612	0	0
2021.05.23	37680.50	40826.03	31190.64	34024.52	925611	0	0
2021.05.30	34419.09	39432.57	33325.29	35957.39	647012	0	0
2021.06.06	35037.41	38278.84	31004.64	36026.32	658227	0	0
2021.06.13	35672.71	41221.60	34757.71	36157.17	723873	0	0
2021.06.20	35581.81	36152.18	29054.99	31244.58	1591553	0	0
2021.06.27	31834.93	36564.77	31759.02	34659.83	768602	0	0
2021.07.04	34549.95	35936.80	31984.76	33265.36	587621	0	0
2021.07.11	33594.00	34616.87	30950.86	31734.05	445326	0	0
2021.07.18	31629.16	34488.02	29247.99	33919.64	605438	0	0
2021.07.25	34023.53	42322.39	33853.71	41491.30	1102704	0	0
2021.08.01	41804.96	44502.99	37209.04	43890.66	656091	0	0
2021.08.08	43960.59	47845.31	42672.60	46573.71	575216	0	0
2021.08.15	46824.43	49732.23	43861.02	48888.16	500057	0	0
2021.08.22	49311.69	50489.40	46259.05	48664.41	422743	0	0
2021.08.29	48673.40	51001.83	46456.22	50124.80	415211	0	0
2021.09.05	49794.16	52864.33	43008.87	45259.16	559287	0	0
2021.09.12	45049.39	48621.45	43403.79	47941.20	466951	0	0
2021.09.19	47883.27	48316.79	39558.20	42733.20	975167	0	0
2021.09.26	42663.30	48480.70	40755.00	48030.10	762817	0	0
2021.10.03	48159.40	56091.00	46931.17	54590.50	710006	0	0
2021.10.10	54785.30	62863.50	53954.35	61007.76	860245	0	0
2021.10.17	60652.26	66997.10	58928.50	61034.85	1145145	0	0
2021.10.24	61113.20	63717.60	57849.94	61739.90	832629	0	0
2021.10.31	61515.80	64308.51	59503.15	61206.08	643805	0	0
2021.11.07	61490.07	69040.73	61320.26	64219.45	427293	0	0
2021.11.14	64267.01	66339.92	55610.77	59620.01	557668	0	0
2021.11.21	59783.58	60055.06	53514.41	54598.09	552819	0	0
2021.11.28	54882.47	59243.84	41713.08	48806.06	511952	0	0
2021.12.05	49414.47	51955.22	46755.21	48793.05	535360	0	0
2021.12.12	48885.83	50792.51	45430.51	46928.88	492214	0	0
2021.12.19	46824.42	51910.29	45560.41	51006.27	410788	0	900
2021.12.26	50600.59	52116.19	45640.00	47288.44	406998	0	900
2022.01.02	47348.01	48007.87	40505.32	41787.71	478105	0	900
2022.01.09	41886.84	44455.12	39640.02	43270.01	428007	0	900
2022.01.16	43333.46	43508.06	36119.51	36622.51	417287	0	900
2022.01.23	34876.26	38922.58	32915.51	38471.19	525573	0	900
2022.01.30	38095.79	40918.61	36265.48	40604.26	386419	0	900
2022.02.06	41633.76	45839.21	41123.40	41804.22	466613	0	900
2022.02.13	42150.79	44774.57	39428.88	39930.76	391392	0	900
2022.02.20	40004.34	40287.76	34319.63	39433.67	602305	0	900
2022.02.27	38982.51	45295.01	36986.11	39409.26	529414	0	900
2022.03.06	39351.50	42581.79	37152.76	39098.76	407752	0	900
2022.03.13	39119.91	42389.87	37527.42	42324.45	326608	0	900
2022.03.20	42084.22	45133.76	40500.00	44589.26	344390	0	900
2022.03.27	44415.01	48230.76	44210.36	46227.13	380251	0	0
2022.04.03	46283.64	47446.23	42105.22	42454.63	445633	0	900
2022.04.10	42565.18	43433.76	39174.01	40347.73	413712	0	900
2022.04.17	40556.71	42992.21	38533.22	39802.01	384096	0	900
2022.04.24	39856.78	40801.41	37676.76	38314.26	451912	0	900
2022.05.01	38226.31	40028.00	35227.31	35784.00	492062	0	900
2022.05.08	35185.92	35745.81	25277.01	29314.01	792810	0	900
2022.05.15	29594.81	31393.13	28598.56	29352.51	572951	0	900
2022.05.22	29338.13	30640.26	27958.39	28994.01	512316	0	900
2022.05.29	28942.66	32372.76	28805.51	29710.01	453922	0	900
2022.06.05	29828.02	31736.26	28070.70	28443.14	530864	0	900
2022.06.12	28520.54	28651.51	17573.37	17632.01	929192	0	900
2022.06.19	18517.26	21699.23	17915.13	21201.51	764558	0	900
2022.06.26	21469.63	21865.01	18582.78	19237.50	618449	0	900
2022.07.03	19327.21	22479.80	18748.31	21660.50	691685	0	900
2022.07.10	21689.07	21733.29	18900.19	21144.38	997120	0	600
2022.07.17	21156.66	24269.06	20744.05	22324.61	1181139	0	600
2022.07.24	22262.90	24678.38	20718.30	23953.88	1039183	0	600
2022.07.31	23580.65	24183.33	22381.84	23154.71	955309	0	600
2022.08.07	23182.28	24914.64	22652.50	24493.53	852467	0	600
2022.08.14	24477.87	25206.69	20774.42	20820.30	1065056	0	600
2022.08.21	21180.19	21899.53	19761.00	19959.88	963975	0	600
2022.08.28	19886.39	20566.51	19508.82	19723.48	1025887	0	900
2022.09.04	19761.73	21665.35	18513.17	21383.03	967537	0	900
2022.09.11	21644.48	22779.99	19320.80	20058.83	1159568	0	900
2022.09.18	20035.30	20136.71	18139.05	19136.96	1207416	0	900
2022.09.25	18915.66	20374.00	18464.19	19247.21	1172742	0	900
2022.10.02	19278.36	20462.75	18911.50	19440.03	991071	0	900
2022.10.09	19280.34	19943.93	18103.96	19091.58	1260135	0	900
2022.10.16	19052.66	19697.46	18636.00	19211.98	1199991	0	900
2022.10.23	19188.76	21072.95	19062.66	20855.88	1257950	0	900
2022.10.30	20835.64	21470.76	20026.86	21345.13	1143716	0	900
2022.11.06	21317.40	21357.53	15531.26	16789.25	1663963	0	900
2022.11.13	16793.75	17156.81	15783.50	16648.25	1383963	0	900
2022.11.20	16737.44	16790.75	15444.42	16504.75	1252468	0	900
2022.11.27	16437.75	17300.41	15994.75	16938.00	780899	0	900
2022.12.04	16907.75	17431.67	16680.75	17131.50	748694	0	900
2022.12.11	17141.50	18375.75	16521.81	16693.75	850850	0	900
2022.12.18	16734.65	17054.25	16246.80	16817.35	752617	0	900
2022.12.25	16807.64	16960.05	16327.50	16541.15	160752	0	900
2023.01.01	16497.35	17025.10	16478.65	16933.05	158970	0	900
2023.01.08	16924.90	21493.26	16900.55	20874.55	557905	0	900
2023.01.15	21063.15	23367.50	20396.24	23180.25	970889	0	900
2023.01.22	22942.56	23816.62	22309.59	23004.00	889325	0	900
2023.01.29	22974.50	24256.50	22479.56	23413.25	868918	0	900
2023.02.05	23422.75	23444.25	21462.99	21829.00	741552	0	900
2023.02.12	21833.75	25253.63	21360.25	24622.00	944406	0	900
2023.02.19	24636.50	25266.75	22707.00	22880.95	1399365	0	900
2023.02.26	23138.95	24014.29	21968.90	22200.75	767583	0	900
2023.03.05	22326.50	22655.25	19552.12	20492.25	896914	0	900
2023.03.12	20526.25	27833.80	20417.51	27425.30	1124805	0	900
2023.03.19	27283.25	28943.67	26647.61	27384.50	948988	0	1200
2023.03.26	27473.53	29171.67	26500.00	28468.50	699329	0	1200
2023.04.02	28499.50	28791.99	27365.19	27941.25	647921	0	1200
2023.04.09	27924.31	31053.25	27808.25	30322.00	761423	0	1200
2023.04.16	30312.50	30579.00	27128.25	27667.75	835233	0	1200
2023.04.23	27668.63	30018.27	26939.97	29226.25	926141	0	1200
2023.04.30	29228.00	29961.75	27690.00	28847.75	857477	0	1200
2023.05.07	28835.50	29184.00	25800.00	26908.25	1017481	0	1200
2023.05.14	26878.50	27680.00	26346.96	27016.51	768373	0	1200
2023.05.21	27026.75	27491.50	25844.20	26739.75	776542	0	1200
2023.05.28	26787.50	28460.25	26502.25	27072.25	786987	0	1200
2023.06.04	27043.25	27466.50	25341.50	25791.50	807661	0	1200
2023.06.11	25789.25	26805.00	24751.08	26529.00	1287209	0	1200
2023.06.18	26530.50	31424.00	26243.80	30561.61	1793909	0	1200
2023.06.25	30538.14	31264.15	29438.24	30579.15	1848887	0	1200
2023.07.02	30570.91	31544.65	29678.71	30131.95	402964	0	1200
2023.07.09	30145.65	31833.64	29873.35	30288.95	410491	0	1200
2023.07.16	30265.05	30432.67	29398.84	29819.25	331688	0	1200
2023.07.23	29811.09	30354.62	28844.75	29312.65	235501	0	1200
2023.07.30	29346.05	30026.14	28544.35	29035.55	252493	0	1200
2023.08.06	29047.79	30234.70	28680.26	29406.75	205099	0	1200
2023.08.13	29404.85	29680.65	24665.20	26045.45	325611	0	1200
2023.08.20	26033.55	26799.95	25282.64	26015.65	321538	0	1200
2023.08.27	26020.62	28147.34	25306.85	25822.85	346524	0	0
2023.09.03	25828.45	26430.25	25332.09	25849.85	257164	0	0
2023.09.10	25868.15	26878.22	24884.09	26508.55	454804	0	0
2023.09.17	26552.51	27470.83	26357.14	26565.95	351643	0	0
2023.09.24	26555.05	27301.86	25974.05	27052.45	325328	0	0
2023.10.01	26989.18	28593.95	26933.05	27904.25	480895	0	0
2023.10.08	27930.75	28075.95	26519.05	26824.35	450973	0	0
2023.10.15	26808.79	30580.84	26785.75	29974.22	443213	0	0
2023.10.22	30005.85	35595.00	29604.95	34113.55	839081	0	0
2023.10.29	34169.34	35992.90	33934.50	34748.95	585088	0	0
2023.11.05	34844.05	38176.35	34373.24	36977.00	826994	0	0
2023.11.12	36879.32	37992.95	34548.84	36549.95	833360	0	0
2023.11.19	36518.83	38418.95	35605.11	37761.05	746624	0	0
2023.11.26	37735.65	39891.65	36694.05	39646.15	573604	0	0
2023.12.03	39349.31	44773.25	39249.25	44011.95	561440	0	0
2023.12.10	43918.95	44093.35	40232.19	42315.55	517483	0	0
2023.12.17	42319.15	44461.10	40553.95	43794.85	530068	0	0
2023.12.24	43783.25	43988.65	41283.20	42299.85	453403	0	0
2023.12.31	42211.55	45935.76	40331.45	43841.15	645738	0	0
2024.01.07	43790.45	49005.71	41367.95	42918.45	801245	0	0
2024.01.14	42947.25	43578.55	40294.05	41761.85	565675	0	0
2024.01.21	41788.05	42227.95	38542.51	42112.35	543829	0	0
2024.01.28	42080.85	43855.37	41594.05	43017.85	464363	0	0
2024.02.04	43045.27	48206.85	42179.26	47900.35	481861	0	0
2024.02.11	47869.79	52849.77	47543.55	51776.15	584047	0	0
2024.02.18	51661.85	53075.92	50498.03	51600.05	482090	0	0
2024.02.25	51575.35	64292.54	50947.45	61907.14	600309	0	0
2024.03.03	61862.14	70307.04	59136.24	68421.74	987151	0	0
2024.03.10	68429.54	73855.44	65570.10	67210.84	1075169	0	1200
2024.03.17	66095.34	69003.94	60804.03	65011.09	1351479	0	1052
2024.03.24	64978.89	71846.17	63808.09	69868.14	999608	0	2442
2024.03.31	69784.14	71472.74	64487.84	68369.34	846374	0	2242
2024.04.07	68374.50	72855.02	59862.18	61446.62	867318	0	892
2024.04.14	62540.24	66817.20	59555.44	64667.00	1275629	0	1200
2024.04.21	64581.58	67198.84	62332.84	63231.14	818924	0	1200
2024.04.28	63304.74	64687.74	56526.82	63835.84	911925	0	2442
2024.05.05	63763.44	65475.75	60137.94	60990.89	735279	0	2442
2024.05.12	60926.84	67388.14	60545.15	66745.34	580879	0	2442
2024.05.19	66874.64	72084.57	65832.44	69019.44	634143	0	2442
2024.05.26	69267.34	70732.13	66688.25	67741.54	563040	0	692
2024.06.02	67783.74	72048.41	67300.64	69487.74	454388	0	0
2024.06.09	69355.44	70208.64	65049.04	66200.44	224390	0	0
2024.06.16	66213.04	67268.34	63357.25	64253.34	226846	0	0
2024.06.23	64286.24	64487.74	58233.40	61011.94	262225	0	0
2024.06.30	61011.64	63836.14	53336.90	57972.24	359679	0	0
2024.07.07	57870.14	59623.05	54237.74	58564.54	418785	0	0
2024.07.14	58642.34	67572.64	58243.05	67271.84	411452	0	0
2024.07.21	67221.74	69369.44	63444.54	68079.94	375732	0	0
2024.07.28	68619.34	70062.74	59875.84	60365.34	441047	0	0
2024.08.04	60567.77	62719.14	48881.77	60984.84	775822	0	0
2024.08.11	60960.94	61916.50	56575.84	59344.24	474250	0	0
2024.08.18	59245.84	64452.48	57751.16	64127.84	343506	0	0
2024.08.25	63654.74	65131.34	57667.84	58924.74	351884	0	0
2024.09.01	59032.74	59777.74	52595.56	54139.74	389230	0	0
2024.09.08	54009.44	60583.64	53587.84	59968.94	354130	0	0
2024.09.15	60027.24	64098.74	57437.40	63106.74	326934	0	0
2024.09.22	63087.74	66409.70	62326.84	65587.74	257825	0	0
2024.09.29	65632.34	66044.44	59808.84	61689.74	342683	0	0
2024.10.06	61933.54	64424.74	58888.94	63012.34	276679	0	0
2024.10.13	63198.24	68983.65	62007.84	68209.84	305758	0	0
2024.10.20	68175.84	69542.74	65220.74	67196.16	266704	0	0
2024.10.27	67168.26	73638.36	66895.66	69482.96	280596	0	0
2024.11.03	69412.26	77168.06	66798.54	76350.57	416108	0	0
2024.11.10	76597.67	93359.66	76483.57	91043.94	621532	0	0
2024.11.17	90567.64	99644.07	88737.24	98067.34	431225	0	0
2024.11.24	97599.74	98964.17	90863.17	96902.94	358962	0	0
2024.12.01	96601.14	104534.17	91031.77	99938.74	319883	0	0
2024.12.08	99882.64	102620.64	94067.74	101026.74	304915	0	0
2024.12.15	101043.54	108330.07	92262.07	96628.04	390326	0	0
2024.12.22	96953.74	99929.47	92469.87	95057.04	305150	0	0
2024.12.29	95272.64	98933.07	91494.17	98320.44	238742	0	0
2025.01.05	98294.14	102666.37	91121.35	94935.14	313928	0	0
2025.01.12	94568.54	105768.07	88983.47	103938.34	353307	0	0
2025.01.19	104392.44	109860.49	99489.97	105000.94	464733	0	0
2025.01.26	104939.54	106400.67	97681.67	101037.74	507493	0	3176
2025.02.02	100439.74	102432.74	91145.37	96410.04	722705	0	3176
2025.02.09	96473.04	98776.87	94003.07	97607.44	376446	0	3176
2025.02.16	97409.89	99415.57	93307.97	96572.74	297773	0	3176
2025.02.23	96474.54	96590.84	78207.27	85779.09	733954	0	2944
2025.03.02	86016.79	94942.40	81404.02	86156.19	1053757	0	3176
2025.03.09	86229.49	86449.99	76545.24	84316.70	775608	0	3176
2025.03.16	84323.70	87407.87	81097.87	84022.40	396328	0	2944
2025.03.23	83928.90	88725.87	81592.00	82462.00	293259	0	3176
2025.03.30	82420.00	88482.40	81161.17	82979.50	498814	0	3176
2025.04.06	83057.30	85866.61	74445.67	85408.81	834449	0	3176
2025.04.13	85362.41	86424.57	82976.74	85133.51	370834	0	3176
2025.04.20	85257.61	95734.87	83885.71	94062.01	330113	0	2632
2025.04.27	94385.91	97843.97	92710.87	96286.71	228208	0	2632
2025.05.04	96150.51	104329.17	93315.67	103258.51	266496	0	0
2025.05.11	103575.41	105810.37	100667.57	103340.32	324612	0	2632
2025.05.18	103144.81	111941.27	102022.97	108844.01	405853	0	2632
2025.05.25	108670.11	110662.47	103014.61	104699.41	289874	0	2632
2025.06.01	104755.01	106737.77	100406.11	105763.31	215012	0	2632
2025.06.08	105682.11	110628.07	102598.17	104754.61	277546	0	2632
2025.06.15	105420.21	108884.07	102123.61	102772.61	253780	0	2632
2025.06.22	101567.41	108227.77	98107.71	107133.81	305413	0	2632
2025.06.29	107289.91	110468.07	104994.17	108037.11	156719	0	2632
2025.07.06	108014.11	118866.87	107384.17	117137.31	198925	0	2895
2025.07.13	117438.01	123237.87	115663.07	117964.71	317972	0	2895
2025.07.20	117493.81	120284.17	114657.07	117638.50	263608	0	110
2025.07.27	118787.50	119811.45	113112.50	113643.10	242895	0	100
2025.08.03	112952.00	117906.02	111856.30	116696.89	712365	0	100
2025.08.10	116514.52	124544.83	116381.95	117722.63	1720577	0	100
2025.08.17	117281.22	118537.00	111625.35	114816.62	1760960	0	100
2025.08.24	115127.42	115639.50	107469.68	107632.21	1799456	0	100
2025.08.31	108466.73	113343.63	107210.92	111506.12	1770767	0	100
2025.09.07	110149.73	116599.45	110023.00	115843.58	1194714	0	100
2025.09.14	115866.56	117873.74	114339.29	115705.05	1153383	0	100
2025.09.21	115718.86	115778.32	108565.52	109332.85	1266170	0	100
2025.09.28	109499.42	123889.32	109135.56	121894.27	1074595	0	100
2025.10.05	122088.46	126186.80	101803.92	110127.35	1355455	0	0
2025.10.12	110803.23	115905.24	103470.60	107041.43	1574538	0	100
2025.10.19	107112.11	113939.21	106066.01	111441.83	1372278	0	100
2025.10.26	111406.35	116378.74	106231.10	110370.06	1406527	0	100
2025.11.02	109874.60	111201.15	98888.50	102214.04	1866665	0	100
2025.11.09	102331.70	107473.83	93956.83	95140.36	2331695	0	100
2025.11.16	95495.80	96599.45	80599.60	84375.56	2594107	0	100
2025.11.23	85095.96	93059.60	84617.42	90975.38	2155156	0	100
2025.11.30	90734.70	94139.45	83788.61	89380.12	1996064	0	100
2025.12.07	89065.51	94554.32	87687.65	90087.75	2448334	0	100
2025.12.14	90084.34	90345.72	84412.20	88189.51	2387464	0	100
2025.12.21	88261.97	90575.68	86370.70	87622.96	2001473	0	100
2025.12.28	87536.55	90930.29	86759.01	90467.31	1611715	0	100
2026.01.04	90513.91	94758.84	89265.81	90469.00	1812286	0	0
2026.01.11	90462.45	97908.77	90074.21	95246.55	1730661	0	0
2026.01.18	95103.26	95489.45	87216.44	89320.53	1762482	0	100
2026.01.25	89334.11	90586.21	75550.80	78198.05	2151046	0	100
2026.02.01	78183.43	79391.02	59849.88	69438.67	3469245	0	100
2026.02.08	69120.97	72271.30	65081.41	69887.81	3066604	0	100
2026.02.15	69898.40	70938.07	65595.44	68309.93	2567354	0	100
2026.02.22	67913.20	69979.44	62427.06	66581.49	2679531	0	100
2026.03.01	67072.92	74040.51	65016.85	67341.99	3078620	0	100
2026.03.08	67302.89	73866.65	65570.07	70776.76	2740813	0	100
2026.03.15	70759.04	75984.14	68749.55	70422.78	2672265	0	100
2026.03.22	70279.33	71999.29	65514.65	66924.64	2607923	0	100
2026.03.29	66654.62	69270.62	64938.66	66079.26	1747756	0	100
