<DATE>	<OPEN>	<HIGH>	<LOW>	<CLOSE>	<TICKVOL>	<VOL>	<SPREAD>
2010.01.01	0.72504	0.74401	0.70062	0.70072	576265	0	30
2010.02.01	0.70287	0.71489	0.68068	0.69774	700795	0	30
2010.03.01	0.69920	0.71768	0.68507	0.71063	609694	0	20
2010.04.01	0.71059	0.73241	0.69641	0.72655	464467	0	0
2010.05.01	0.72899	0.73222	0.65602	0.68152	702388	0	0
2010.06.01	0.68152	0.71578	0.65721	0.68488	629291	0	14
2010.07.01	0.68487	0.73940	0.67937	0.72570	488811	0	14
2010.08.01	0.72679	0.73536	0.69471	0.69914	494190	0	30
2010.09.01	0.69896	0.74152	0.69857	0.73359	454517	0	30
2010.10.01	0.73384	0.76644	0.73272	0.76615	553943	0	30
2010.11.01	0.76559	0.79737	0.73967	0.74219	845655	0	30
2010.12.01	0.74224	0.78119	0.73423	0.78021	784894	0	14
2011.01.01	0.77728	0.77920	0.75246	0.77230	721590	0	15
2011.02.01	0.77230	0.78230	0.74265	0.75211	591331	0	30
2011.03.01	0.75213	0.76456	0.71159	0.76100	846148	0	15
2011.04.01	0.76100	0.81059	0.75800	0.80971	652714	5875720000	17
2011.05.01	0.80962	0.82614	0.77547	0.82284	696743	0	12
2011.06.01	0.82285	0.83167	0.79715	0.82786	834877	0	30
2011.07.01	0.82787	0.87973	0.81095	0.87906	803535	14141118000	13
2011.08.01	0.87847	0.88414	0.79641	0.85246	1250445	116842925000	12
2011.09.01	0.85247	0.85434	0.76067	0.76099	1513012	0	6
2011.10.01	0.76220	0.82390	0.74691	0.80735	1395782	0	6
2011.11.01	0.80731	0.81044	0.73693	0.77877	1520127	0	10
2011.12.01	0.77879	0.78762	0.74598	0.77654	1276789	0	3
2012.01.01	0.77733	0.82997	0.77443	0.82589	1216925	0	6
2012.02.01	0.82588	0.84696	0.82114	0.83423	1194575	0	6
2012.03.01	0.83424	0.84043	0.80568	0.81764	1120082	0	6
2012.04.01	0.82370	0.83165	0.80860	0.81833	1082630	0	7
2012.05.01	0.81834	0.81857	0.74565	0.75283	1389149	0	10
2012.06.01	0.75290	0.80395	0.74550	0.80094	1366554	0	13
2012.07.01	0.80132	0.81198	0.78065	0.80845	1392450	0	9
2012.08.01	0.80844	0.82215	0.79680	0.80298	1325982	0	6
2012.09.01	0.80039	0.83550	0.79125	0.82977	1197604	0	20
2012.10.01	0.82873	0.83360	0.80990	0.82117	1165789	0	6
2012.11.01	0.82115	0.83078	0.80509	0.81964	1449267	0	6
2012.12.01	0.82002	0.84751	0.81540	0.82597	1121176	0	6
2013.01.01	0.82592	0.84583	0.82122	0.83931	1519001	0	14
2013.02.01	0.83930	0.85324	0.82233	0.82496	1432416	0	9
2013.03.01	0.82492	0.83961	0.81617	0.83674	541516	0	1
2013.04.01	0.83599	0.86759	0.83496	0.85627	641174	0	1
2013.05.01	0.85638	0.85820	0.79357	0.79357	949046	0	1
2013.06.01	0.79553	0.81369	0.76826	0.77243	1307827	0	5
2013.07.01	0.77333	0.81055	0.76873	0.79645	1281212	0	1
2013.08.01	0.79645	0.81628	0.77164	0.77164	1055348	0	1
2013.09.01	0.77600	0.84351	0.77372	0.82979	751196	0	1
2013.10.01	0.82979	0.85428	0.81922	0.82614	830602	0	1
2013.11.01	0.82613	0.84142	0.80838	0.81235	793886	0	1
2013.12.01	0.81594	0.83340	0.81165	0.82340	705031	0	1
2014.01.01	0.81918	0.84320	0.80615	0.80758	808558	0	1
2014.02.01	0.81018	0.84248	0.80492	0.83792	738994	0	1
2014.03.01	0.83583	0.86964	0.83422	0.86715	1326190	0	0
2014.04.01	0.86715	0.87452	0.85137	0.86155	1111308	0	0
2014.05.01	0.86164	0.87790	0.84506	0.84945	983464	0	0
2014.06.01	0.84918	0.87934	0.84014	0.87588	923344	0	0
2014.07.01	0.87587	0.88346	0.84624	0.84977	1201825	0	1
2014.08.01	0.84977	0.85349	0.83102	0.83548	942254	0	1
2014.09.01	0.83534	0.83899	0.77082	0.78138	1500252	0	1
2014.10.01	0.78136	0.80335	0.77141	0.77826	1694106	0	1
2014.11.01	0.77744	0.79738	0.76594	0.78319	1399019	16884430000	1
2014.12.01	0.78167	0.79102	0.76086	0.77940	1539502	1158767740350	0
2015.01.01	0.77566	0.78883	0.72138	0.72491	1383684	1297500000	1
2015.02.01	0.72504	0.76127	0.71754	0.75603	1241758	0	6
2015.03.01	0.75495	0.76957	0.71876	0.74664	1355636	0	1
2015.04.01	0.74635	0.77435	0.73904	0.76112	1598070	0	4
2015.05.01	0.76152	0.76237	0.70798	0.70986	1545468	0	3
2015.06.01	0.70845	0.72309	0.67469	0.67631	2235994	0	3
2015.07.01	0.67622	0.68096	0.64969	0.65910	2609078	586062188000	4
2015.08.01	0.66009	0.67075	0.60840	0.63381	2442459	1721041580000	5
2015.09.01	0.63315	0.64566	0.62354	0.63964	2090350	1479974618000	7
2015.10.01	0.63966	0.68965	0.63826	0.67719	2293908	1822233069000	0
2015.11.01	0.67341	0.67847	0.64278	0.65823	2123924	1618573520000	0
2015.12.01	0.65841	0.68821	0.65744	0.68380	2100993	1454212974000	0
2016.01.01	0.68278	0.68343	0.63462	0.64774	2217687	1613465122000	0
2016.02.01	0.64824	0.67735	0.64476	0.65890	2507477	2121920638000	0
2016.03.01	0.65871	0.69653	0.65702	0.69067	2606787	2728544149000	0
2016.04.01	0.69059	0.70530	0.67580	0.69772	2218274	2439685861000	0
2016.05.01	0.69738	0.70527	0.66743	0.67614	2001899	2366190256000	0
2016.06.01	0.67616	0.72915	0.67592	0.71339	2257621	2840101981000	0
2016.07.01	0.71162	0.73238	0.69506	0.72078	1943703	2510479675000	0
2016.08.01	0.71998	0.73794	0.70860	0.72481	2080114	2213003761000	0
2016.09.01	0.72456	0.74843	0.72198	0.72842	2349362	2416542547000	0
2016.10.01	0.72717	0.73097	0.70335	0.71483	1946491	1993679789000	0
2016.11.01	0.71484	0.74020	0.69701	0.70808	2625665	2454707375000	0
2016.12.01	0.70792	0.72376	0.68201	0.68993	1905749	1331364883000	0
2017.01.01	0.69162	0.73490	0.68838	0.73084	2583915	1995671038000	0
2017.02.01	0.73078	0.73748	0.71288	0.71910	1904870	1544076542000	0
2017.03.01	0.71906	0.71921	0.68888	0.69818	1961103	1534412876000	0
2017.04.01	0.69893	0.70517	0.68471	0.68613	1363043	1029717615000	0
2017.05.01	0.68548	0.71210	0.68168	0.70807	1574311	1213690534000	0
2017.06.01	0.70804	0.73458	0.70557	0.73250	1155498	93380164000	0
2017.07.01	0.73222	0.75573	0.72006	0.75097	1348101	0	21
2017.08.01	0.75107	0.75231	0.71308	0.71771	1433488	0	6
2017.09.01	0.71771	0.74340	0.71448	0.72017	1961651	1321350000	0
2017.10.01	0.72100	0.72261	0.68180	0.68455	1534842	0	0
2017.11.01	0.68462	0.69798	0.67804	0.68308	1091997	0	0
2017.12.01	0.68303	0.71237	0.68165	0.70978	1150588	0	0
2018.01.01	0.70815	0.74370	0.70539	0.73629	2215897	0	1
2018.02.01	0.73629	0.74370	0.71764	0.72068	2187817	0	1
2018.03.01	0.72066	0.73549	0.71533	0.72390	1969985	0	1
2018.04.01	0.72235	0.73950	0.70332	0.70341	965025	0	1
2018.05.01	0.70341	0.70527	0.68508	0.69967	1246075	0	1
2018.06.01	0.69956	0.70598	0.67359	0.67764	915804	0	1
2018.07.01	0.67870	0.68588	0.66876	0.68106	825085	0	0
2018.08.01	0.68104	0.68184	0.65429	0.66193	810401	0	8
2018.09.01	0.66126	0.66976	0.64994	0.66126	801516	0	8
2018.10.01	0.66078	0.66269	0.64228	0.65170	1182091	0	8
2018.11.01	0.65182	0.68855	0.65178	0.68794	1140458	0	8
2018.12.01	0.69153	0.69681	0.66898	0.67104	982722	0	8
2019.01.01	0.66860	0.69373	0.65773	0.69135	1046137	0	8
2019.02.01	0.69171	0.69403	0.67180	0.68056	887525	0	8
2019.03.01	0.68073	0.69369	0.67431	0.68032	985491	0	8
2019.04.01	0.68187	0.68358	0.65788	0.66734	745492	0	7
2019.05.01	0.66747	0.66766	0.64801	0.65323	889538	0	9
2019.06.01	0.65281	0.67195	0.64867	0.67150	873128	0	9
2019.07.01	0.67147	0.67902	0.65425	0.65573	682952	0	7
2019.08.01	0.65577	0.65890	0.62826	0.63083	1137965	0	7
2019.09.01	0.62957	0.64500	0.62489	0.62599	656354	0	7
2019.10.01	0.62599	0.64354	0.62034	0.64135	676079	0	6
2019.11.01	0.64137	0.64653	0.63160	0.64147	524331	0	6
2019.12.01	0.64297	0.67552	0.64237	0.67304	658408	0	6
2020.01.01	0.67174	0.67393	0.64540	0.64638	473925	0	1
2020.02.01	0.64684	0.65029	0.61913	0.62465	508835	0	1
2020.03.01	0.62040	0.64478	0.54687	0.59642	1005878	0	1
2020.04.01	0.59558	0.61758	0.58433	0.61266	582034	0	1
2020.05.01	0.61164	0.62400	0.59211	0.62079	542032	0	1
2020.06.01	0.61945	0.65844	0.61855	0.64557	784016	0	1
2020.07.01	0.64526	0.67155	0.64403	0.66275	603456	0	1
2020.08.01	0.66244	0.67636	0.64888	0.67365	563925	0	1
2020.09.01	0.67351	0.67978	0.65116	0.66198	652780	0	1
2020.10.01	0.66141	0.67242	0.65470	0.66129	537455	0	1
2020.11.01	0.66035	0.70509	0.65892	0.70102	574166	0	1
2020.12.01	0.70124	0.72410	0.70027	0.71848	527089	0	1
2021.01.01	0.71894	0.73154	0.70963	0.71816	700428	0	1
2021.02.01	0.71627	0.74645	0.71350	0.72325	629794	0	1
2021.03.01	0.72336	0.73069	0.69431	0.69825	672226	0	1
2021.04.01	0.69822	0.72867	0.69452	0.71585	471886	0	1
2021.05.01	0.71718	0.73164	0.71157	0.72706	514421	0	1
2021.06.01	0.72645	0.72879	0.69232	0.69886	534209	0	1
2021.07.01	0.69840	0.71052	0.68810	0.69759	608299	0	1
2021.08.01	0.69611	0.70886	0.68056	0.70475	534158	0	1
2021.09.01	0.70428	0.71700	0.68593	0.68974	688374	0	1
2021.10.01	0.68958	0.72184	0.68762	0.71659	831533	0	2
2021.11.01	0.71576	0.71978	0.67722	0.68233	900792	0	2
2021.12.01	0.68145	0.68676	0.67018	0.68458	824530	0	2
2022.01.01	0.68264	0.68905	0.65294	0.65760	804292	0	2
2022.02.01	0.65741	0.68092	0.65659	0.67751	851730	0	2
2022.03.01	0.67645	0.69983	0.67284	0.69325	946631	0	2
2022.04.01	0.69305	0.70340	0.64518	0.64569	874757	0	2
2022.05.01	0.64581	0.65683	0.62164	0.65158	1276295	0	2
2022.06.01	0.65120	0.65761	0.61964	0.62437	1341929	0	2
2022.07.01	0.62326	0.63275	0.60604	0.62908	1330832	0	2
2022.08.01	0.62726	0.64682	0.61016	0.61196	1119869	0	2
2022.09.01	0.61239	0.61609	0.55649	0.55942	1196596	0	3
2022.10.01	0.55996	0.58729	0.55116	0.58132	1971588	0	4
2022.11.01	0.58083	0.63128	0.57403	0.62965	2185475	0	3
2022.12.01	0.62828	0.65134	0.62304	0.63502	1772492	0	3
2023.01.01	0.63397	0.65300	0.61909	0.64428	1828241	0	5
2023.02.01	0.64393	0.65380	0.61307	0.61849	1552420	0	3
2023.03.01	0.61829	0.62973	0.60839	0.62549	1801173	0	3
2023.04.01	0.62545	0.63795	0.61116	0.61824	957985	0	3
2023.05.01	0.61691	0.63843	0.59849	0.60209	1176396	0	5
2023.06.01	0.60054	0.62472	0.59900	0.61354	1172693	0	5
2023.07.01	0.61272	0.64116	0.61204	0.62084	1335860	0	5
2023.08.01	0.62084	0.62167	0.58857	0.59648	1355804	0	3
2023.09.01	0.59649	0.60486	0.58587	0.59978	1680068	0	80
2023.10.01	0.59833	0.60551	0.57730	0.58241	2228001	0	80
2023.11.01	0.58167	0.62079	0.57886	0.61553	1900220	0	80
2023.12.01	0.61519	0.63691	0.60839	0.63188	1410078	0	3
2024.01.01	0.63159	0.63237	0.60614	0.61156	1451961	0	3
2024.02.01	0.61149	0.62178	0.60381	0.60863	1281140	0	1
2024.03.01	0.60767	0.62165	0.59560	0.59765	1118614	0	4
2024.04.01	0.59780	0.60827	0.58518	0.58871	1339183	0	3
2024.05.01	0.58871	0.61700	0.58736	0.61444	1068322	0	0
2024.06.01	0.61309	0.62217	0.60573	0.60903	959092	0	3
2024.07.01	0.60935	0.61534	0.58574	0.59501	1173234	0	3
2024.08.01	0.59409	0.62988	0.58495	0.62483	1433730	0	3
2024.09.01	0.62360	0.63783	0.61059	0.63489	1183072	0	3
2024.10.01	0.63416	0.63486	0.59395	0.59756	1235466	0	4
2024.11.01	0.59744	0.60375	0.57967	0.59224	1353676	0	5
2024.12.01	0.59090	0.59146	0.55874	0.55933	1055484	0	6
2025.01.01	0.55850	0.57232	0.55412	0.56333	1145329	0	5
2025.02.01	0.55825	0.57724	0.55160	0.55960	967772	0	5
2025.03.01	0.55977	0.58310	0.55931	0.56777	1015205	0	5
2025.04.01	0.56726	0.60287	0.54848	0.59338	1710462	0	7
2025.05.01	0.59224	0.60312	0.58464	0.59671	963666	0	7
2025.06.01	0.59563	0.60985	0.58827	0.60961	911530	0	7
2025.07.01	0.60846	0.61201	0.58878	0.58891	874901	0	7
2025.08.01	0.58902	0.59956	0.57996	0.58951	814834	0	7
2025.09.01	0.58823	0.60070	0.57540	0.57935	763812	0	5
2025.10.01	0.57932	0.58448	0.56823	0.57247	791776	0	5
2025.11.01	0.57115	0.57436	0.55776	0.57335	767019	0	5
2025.12.01	0.57231	0.58530	0.57108	0.57549	831397	0	5
2026.01.01	0.57544	0.60923	0.57108	0.60188	1062809	0	5
2026.02.01	0.60087	0.60758	0.59280	0.59951	1072287	0	5
2026.03.01	0.59476	0.59945	0.56976	0.57458	1725213	0	5
