<DATE>	<OPEN>	<HIGH>	<LOW>	<CLOSE>	<TICKVOL>	<VOL>	<SPREAD>
2010.01.03	1.43259	1.44830	1.42569	1.44085	216349	0	9
2010.01.10	1.44125	1.45785	1.43365	1.43857	229724	0	8
2010.01.17	1.43480	1.44131	1.40285	1.41363	250323	0	8
2010.01.24	1.41523	1.41938	1.38610	1.38611	252553	0	9
2010.01.31	1.38627	1.40255	1.35854	1.36776	237535	0	9
2010.02.07	1.36561	1.38380	1.35311	1.36309	249618	0	8
2010.02.14	1.36158	1.37881	1.34433	1.36116	225199	0	8
2010.02.21	1.36133	1.36913	1.34504	1.36310	231398	0	8
2010.02.28	1.36222	1.37351	1.34349	1.36198	228230	0	8
2010.03.07	1.36307	1.37954	1.35370	1.37678	162343	0	8
2010.03.14	1.37612	1.38171	1.35029	1.35301	184704	0	9
2010.03.21	1.35174	1.35687	1.32671	1.34075	205760	0	8
2010.03.28	1.34719	1.35904	1.33841	1.35030	176113	0	8
2010.04.04	1.34900	1.35378	1.32821	1.34984	170707	0	9
2010.04.11	1.36107	1.36913	1.34726	1.35017	208873	0	9
2010.04.18	1.34769	1.35222	1.32016	1.33811	200306	0	9
2010.04.25	1.33460	1.34147	1.31141	1.32936	243903	0	8
2010.05.02	1.33296	1.33326	1.25270	1.27518	298888	0	8
2010.05.09	1.29299	1.30934	1.23529	1.23566	314472	0	9
2010.05.16	1.23485	1.26711	1.21435	1.25712	374158	0	10
2010.05.23	1.25461	1.25622	1.21534	1.22720	266022	0	8
2010.05.30	1.22807	1.23487	1.19551	1.19671	272240	1237300000	8
2010.06.06	1.19460	1.21521	1.18758	1.21112	316404	0	8
2010.06.13	1.21188	1.24156	1.21155	1.23875	270708	0	8
2010.06.20	1.24291	1.24664	1.22090	1.23681	217772	0	8
2010.06.27	1.23781	1.26106	1.21495	1.25655	234190	0	7
2010.07.04	1.25558	1.27218	1.24796	1.26404	189642	0	7
2010.07.11	1.26413	1.30063	1.25219	1.29296	308877	0	7
2010.07.18	1.29040	1.30275	1.27318	1.29086	213396	0	7
2010.07.25	1.28940	1.31060	1.28761	1.30504	206938	0	8
2010.08.01	1.30596	1.33327	1.30533	1.32781	175776	0	6
2010.08.08	1.32880	1.33070	1.27494	1.27531	201495	0	7
2010.08.15	1.27650	1.29214	1.26634	1.27105	206021	0	7
2010.08.22	1.27050	1.27778	1.25874	1.27617	210442	0	5
2010.08.29	1.27641	1.28969	1.26250	1.28951	162228	0	5
2010.09.05	1.28934	1.29167	1.26434	1.26784	166897	0	5
2010.09.12	1.27050	1.31584	1.27040	1.30487	213717	0	7
2010.09.19	1.30460	1.34945	1.30288	1.34919	182346	0	6
2010.09.26	1.34820	1.37915	1.33810	1.37900	232903	0	6
2010.10.03	1.37877	1.40285	1.36367	1.39280	249632	0	7
2010.10.10	1.40020	1.41505	1.37752	1.39762	223958	0	8
2010.10.17	1.39727	1.40495	1.36975	1.39528	277699	0	7
2010.10.24	1.39516	1.40795	1.37338	1.39459	306137	0	7
2010.10.31	1.39703	1.42813	1.38636	1.40314	348701	0	8
2010.11.07	1.40538	1.40846	1.35735	1.36900	396564	0	8
2010.11.14	1.36829	1.37497	1.34475	1.36718	392533	0	8
2010.11.21	1.37355	1.37853	1.32003	1.32402	406871	0	9
2010.11.28	1.32750	1.34373	1.29694	1.34136	458788	0	9
2010.12.05	1.34078	1.34216	1.31645	1.32262	424403	0	7
2010.12.12	1.32052	1.34966	1.31328	1.31873	385836	0	4
2010.12.19	1.31661	1.32006	1.30549	1.31209	299467	0	8
2010.12.26	1.31129	1.34223	1.30718	1.33827	269494	0	9
2011.01.02	1.33443	1.34330	1.29044	1.29055	383714	0	8
2011.01.09	1.28939	1.34562	1.28736	1.33875	405633	0	8
2011.01.16	1.33704	1.36238	1.32448	1.36196	426252	0	6
2011.01.23	1.36097	1.37573	1.35399	1.36102	447361	0	5
2011.01.30	1.35800	1.38607	1.35436	1.35800	402459	0	8
2011.02.06	1.35686	1.37424	1.34972	1.35513	278582	0	8
2011.02.13	1.35240	1.37138	1.34279	1.36923	322173	0	8
2011.02.20	1.36886	1.38372	1.35278	1.37523	354659	0	7
2011.02.27	1.37470	1.40052	1.37110	1.39863	359458	0	7
2011.03.06	1.39921	1.40354	1.37519	1.39016	359940	0	5
2011.03.13	1.39507	1.41831	1.38550	1.41793	416914	0	8
2011.03.20	1.41808	1.42479	1.40534	1.40868	330571	0	8
2011.03.27	1.40463	1.42448	1.40204	1.42344	326961	0	7
2011.04.03	1.42312	1.44869	1.41511	1.44823	325238	0	6
2011.04.10	1.44530	1.45193	1.43647	1.44285	348475	0	7
2011.04.17	1.44162	1.46478	1.41574	1.45597	326017	0	7
2011.04.24	1.45604	1.48809	1.44929	1.48062	311532	14575658000	7
2011.05.01	1.48249	1.49385	1.43117	1.43149	375582	0	7
2011.05.08	1.43656	1.44407	1.40672	1.41170	376884	0	8
2011.05.15	1.40753	1.43451	1.40478	1.41573	235100	0	7
2011.05.22	1.41318	1.43216	1.39692	1.43173	346292	0	8
2011.05.29	1.43099	1.46420	1.42567	1.46327	342030	0	7
2011.06.05	1.46269	1.46955	1.43223	1.43458	283803	0	6
2011.06.12	1.43270	1.44971	1.40731	1.42858	413507	0	7
2011.06.19	1.42747	1.44407	1.41265	1.41865	406219	0	6
2011.06.26	1.41875	1.45501	1.41023	1.45246	373990	0	6
2011.07.03	1.45366	1.45769	1.42059	1.42632	366657	0	5
2011.07.10	1.42236	1.42808	1.38371	1.41566	474565	0	7
2011.07.17	1.41208	1.44375	1.40138	1.43580	500747	0	7
2011.07.24	1.43997	1.45350	1.42293	1.43945	402186	42079361000	5
2011.07.31	1.43607	1.44526	1.40553	1.42804	476302	46180586000	7
2011.08.07	1.43705	1.44006	1.41039	1.42479	568034	0	4
2011.08.14	1.42639	1.45167	1.42585	1.43950	467630	0	6
2011.08.21	1.43735	1.45008	1.43283	1.44984	418218	0	4
2011.08.28	1.44916	1.45482	1.41839	1.42037	428297	251457613316	6
2011.09.04	1.41571	1.42544	1.36272	1.36532	479792	0	6
2011.09.11	1.35783	1.39359	1.34989	1.37941	544412	0	6
2011.09.18	1.36761	1.37953	1.33856	1.34974	569330	0	4
2011.09.25	1.35078	1.36892	1.33624	1.33846	565075	0	4
2011.10.02	1.33447	1.35241	1.31458	1.33755	575815	0	2
2011.10.09	1.33863	1.38936	1.33774	1.38780	498006	0	6
2011.10.16	1.38782	1.39137	1.36526	1.38917	519353	0	6
2011.10.23	1.38686	1.42460	1.37997	1.41453	522590	0	6
2011.10.30	1.41501	1.41695	1.36085	1.37898	543775	0	6
2011.11.06	1.38160	1.38580	1.34837	1.37672	494669	0	5
2011.11.13	1.37759	1.37919	1.34213	1.35222	521416	0	4
2011.11.20	1.35214	1.35678	1.32119	1.32375	459859	0	4
2011.11.27	1.33095	1.35449	1.32587	1.33898	444935	0	4
2011.12.04	1.34094	1.34851	1.32810	1.33842	418893	0	4
2011.12.11	1.33636	1.33759	1.29462	1.30419	418630	0	6
2011.12.18	1.30328	1.31956	1.29828	1.30451	349511	0	3
2011.12.25	1.30487	1.30824	1.28577	1.29565	286579	0	5
2012.01.01	1.29443	1.30762	1.26972	1.27188	373701	0	5
2012.01.08	1.26923	1.28778	1.26241	1.26754	416779	0	5
2012.01.15	1.26383	1.29854	1.26254	1.29298	414711	0	5
2012.01.22	1.28808	1.32330	1.28807	1.32189	399132	0	4
2012.01.29	1.32148	1.32206	1.30257	1.31561	418856	0	4
2012.02.05	1.31211	1.33199	1.30278	1.31957	426978	0	5
2012.02.12	1.32380	1.32833	1.29745	1.31418	427567	0	5
2012.02.19	1.32026	1.34856	1.31821	1.34478	388764	0	4
2012.02.26	1.34595	1.34851	1.31876	1.31979	411748	0	5
2012.03.04	1.31953	1.32904	1.30961	1.31221	388769	0	5
2012.03.11	1.31160	1.31905	1.30032	1.31735	359095	0	5
2012.03.18	1.31797	1.32916	1.31343	1.32690	341352	0	5
2012.03.25	1.32680	1.33848	1.31919	1.33408	348155	0	5
2012.04.01	1.33562	1.33801	1.30346	1.30911	333420	0	5
2012.04.08	1.30961	1.32122	1.30330	1.30764	353276	0	5
2012.04.15	1.30690	1.32262	1.29945	1.32170	380825	0	5
2012.04.22	1.31920	1.32695	1.31042	1.32514	353589	0	5
2012.04.29	1.32408	1.32828	1.30799	1.30832	306452	0	5
2012.05.06	1.30245	1.30645	1.29044	1.29162	391689	0	5
2012.05.13	1.28872	1.29038	1.26417	1.27783	390345	0	5
2012.05.20	1.27767	1.28230	1.24964	1.25153	431732	0	5
2012.05.27	1.25707	1.26235	1.22882	1.24325	429758	0	5
2012.06.03	1.24371	1.26243	1.23854	1.25160	436821	0	5
2012.06.10	1.26478	1.26677	1.24423	1.26361	437695	0	5
2012.06.17	1.27371	1.27468	1.25191	1.25677	439106	0	5
2012.06.24	1.25544	1.26918	1.24071	1.26655	420423	0	5
2012.07.01	1.26696	1.26703	1.22598	1.22875	376626	0	5
2012.07.08	1.22659	1.23331	1.21622	1.22485	379199	0	4
2012.07.15	1.22498	1.23214	1.21440	1.21551	379945	0	5
2012.07.22	1.21217	1.23889	1.20418	1.23211	433996	0	5
2012.07.29	1.23012	1.24011	1.21337	1.23848	397075	0	4
2012.08.05	1.23945	1.24422	1.22409	1.22884	374313	0	5
2012.08.12	1.22864	1.23849	1.22561	1.23327	336236	0	5
2012.08.19	1.23380	1.25885	1.22948	1.25109	345156	0	5
2012.08.26	1.25118	1.26360	1.24647	1.25783	271377	0	4
2012.09.02	1.25803	1.28165	1.25012	1.28154	318095	0	5
2012.09.09	1.28064	1.31676	1.27543	1.31286	350167	0	5
2012.09.16	1.31239	1.31706	1.29201	1.29788	361906	0	5
2012.09.23	1.29789	1.29798	1.28293	1.28595	337360	0	4
2012.09.30	1.28488	1.30708	1.28031	1.30391	308188	0	5
2012.10.07	1.30231	1.30246	1.28253	1.29503	285281	0	5
2012.10.14	1.29545	1.31384	1.28908	1.30230	289648	0	5
2012.10.21	1.30231	1.30824	1.28819	1.29385	277072	0	3
2012.10.28	1.29244	1.30199	1.28207	1.28333	226267	0	2
2012.11.04	1.28198	1.28757	1.26895	1.27106	316553	0	4
2012.11.11	1.27154	1.28010	1.26612	1.27418	291536	0	4
2012.11.18	1.27411	1.29896	1.27359	1.29729	279968	0	4
2012.11.25	1.29731	1.30267	1.28796	1.29848	286756	0	3
2012.12.02	1.29934	1.31253	1.28769	1.29261	274917	0	4
2012.12.09	1.28992	1.31727	1.28855	1.31622	258494	0	4
2012.12.16	1.31821	1.33076	1.31437	1.31867	266256	0	3
2012.12.23	1.31790	1.32833	1.31654	1.32146	153549	0	3
2012.12.30	1.32157	1.32992	1.29975	1.30677	221137	0	4
2013.01.06	1.30779	1.33644	1.30165	1.33416	256383	0	3
2013.01.13	1.33621	1.34031	1.32564	1.33195	269667	0	4
2013.01.20	1.33107	1.34785	1.32642	1.34629	253063	0	4
2013.01.27	1.34598	1.37106	1.34140	1.36391	278255	0	4
2013.02.03	1.36488	1.36532	1.33532	1.33614	300546	0	2
2013.02.10	1.33682	1.35193	1.33062	1.33585	261414	0	1
2013.02.17	1.33484	1.34316	1.31451	1.31907	182856	0	2
2013.02.24	1.31904	1.33183	1.29664	1.30180	232860	0	2
2013.03.03	1.30136	1.31341	1.29550	1.30042	138496	0	1
2013.03.10	1.29892	1.31069	1.29110	1.30754	233950	0	1
2013.03.17	1.29071	1.30095	1.28438	1.29867	272748	0	1
2013.03.24	1.29724	1.30479	1.27509	1.28148	217289	0	1
2013.03.31	1.28112	1.30397	1.27454	1.29915	208051	0	1
2013.04.07	1.29937	1.31380	1.29683	1.31082	221065	0	1
2013.04.14	1.31025	1.32015	1.30011	1.30510	274110	0	1
2013.04.21	1.30691	1.30933	1.29547	1.30267	228404	0	1
2013.04.28	1.30585	1.32427	1.30318	1.31131	210198	0	1
2013.05.05	1.31170	1.31944	1.29350	1.29853	200456	0	1
2013.05.12	1.29756	1.30293	1.27962	1.28363	226292	0	1
2013.05.19	1.28446	1.29980	1.28192	1.29278	272812	0	1
2013.05.26	1.29363	1.30614	1.28378	1.29956	277809	0	1
2013.06.02	1.29922	1.33045	1.29555	1.32168	312740	0	1
2013.06.09	1.31917	1.33898	1.31772	1.33445	305920	0	1
2013.06.16	1.33487	1.34158	1.30988	1.31209	298649	0	1
2013.06.23	1.31042	1.31508	1.29848	1.30078	290631	0	1
2013.06.30	1.30144	1.30780	1.28061	1.28291	261610	0	1
2013.07.07	1.28204	1.32066	1.27553	1.30651	304889	0	1
2013.07.14	1.30664	1.31781	1.29934	1.31408	243185	0	1
2013.07.21	1.31366	1.32968	1.31358	1.32765	226713	0	1
2013.07.28	1.32792	1.33446	1.31877	1.32798	234527	0	1
2013.08.04	1.32813	1.34002	1.32327	1.33387	210976	0	1
2013.08.11	1.33366	1.33798	1.32058	1.33279	210860	0	1
2013.08.18	1.33354	1.34518	1.32980	1.33788	224721	0	1
2013.08.25	1.33819	1.33986	1.31750	1.32195	200056	0	1
2013.09.01	1.32122	1.32270	1.31047	1.31766	172401	0	1
2013.09.08	1.31735	1.33244	1.31651	1.32932	168688	0	1
2013.09.15	1.33627	1.35685	1.33251	1.35217	178562	0	1
2013.09.22	1.35318	1.35642	1.34622	1.35216	159908	0	1
2013.09.29	1.34819	1.36455	1.34775	1.35565	181131	0	1
2013.10.06	1.35629	1.36070	1.34857	1.35372	167283	0	1
2013.10.13	1.35569	1.37036	1.34734	1.36853	175662	0	1
2013.10.20	1.36829	1.38320	1.36509	1.38020	158117	0	1
2013.10.27	1.38080	1.38171	1.34799	1.34858	180256	0	1
2013.11.03	1.34910	1.35472	1.32959	1.33644	175919	0	1
2013.11.10	1.33574	1.35046	1.33445	1.34943	178305	0	1
2013.11.17	1.34917	1.35770	1.33992	1.35554	182263	0	1
2013.11.24	1.35536	1.36214	1.34902	1.35901	159441	0	1
2013.12.01	1.35878	1.37061	1.35241	1.37045	198467	0	1
2013.12.08	1.37101	1.38105	1.36943	1.37376	173876	0	1
2013.12.15	1.37370	1.38111	1.36251	1.36700	197458	0	1
2013.12.22	1.36723	1.38930	1.36547	1.37462	105245	0	1
2013.12.29	1.37586	1.38189	1.35821	1.35874	156598	0	1
2014.01.05	1.35955	1.36871	1.35484	1.36665	200208	0	0
2014.01.12	1.36662	1.36992	1.35168	1.35405	189193	0	0
2014.01.19	1.35325	1.37393	1.35074	1.36752	198826	0	0
2014.01.26	1.36800	1.37163	1.34790	1.34849	222017	0	0
2014.02.02	1.34855	1.36425	1.34770	1.36342	224074	0	0
2014.02.09	1.36232	1.37145	1.35620	1.36918	168062	0	0
2014.02.16	1.37007	1.37730	1.36857	1.37380	148491	0	0
2014.02.23	1.37382	1.38241	1.36430	1.38016	170799	0	0
2014.03.02	1.37856	1.39146	1.37072	1.38746	183866	0	0
2014.03.09	1.38761	1.39666	1.38335	1.39134	325073	0	0
2014.03.16	1.39062	1.39474	1.37490	1.37933	317053	0	0
2014.03.23	1.37914	1.38757	1.37047	1.37513	342361	0	0
2014.03.30	1.37531	1.38201	1.36725	1.37014	327388	0	0
2014.04.06	1.37008	1.39057	1.36960	1.38844	263116	0	0
2014.04.13	1.38573	1.38645	1.37899	1.38068	163032	0	1
2014.04.20	1.38164	1.38545	1.37849	1.38330	148035	0	0
2014.04.27	1.38394	1.38889	1.37749	1.38689	180202	0	0
2014.05.04	1.38724	1.39932	1.37453	1.37577	232961	0	0
2014.05.11	1.37569	1.37747	1.36484	1.36933	206253	0	1
2014.05.18	1.36978	1.37337	1.36155	1.36280	154702	0	0
2014.05.25	1.36246	1.36681	1.35858	1.36339	135950	0	0
2014.06.01	1.36304	1.36769	1.35028	1.36423	212522	0	0
2014.06.08	1.36458	1.36685	1.35121	1.35379	197118	0	0
2014.06.15	1.35373	1.36433	1.35129	1.35995	183483	0	0
2014.06.22	1.35949	1.36510	1.35738	1.36488	166306	0	0
2014.06.29	1.36450	1.36991	1.35851	1.35944	110855	0	1
2014.07.06	1.35935	1.36506	1.35758	1.36032	151484	0	1
2014.07.13	1.36055	1.36401	1.34908	1.35203	214577	0	1
2014.07.20	1.35268	1.35484	1.34210	1.34288	221099	0	1
2014.07.27	1.34305	1.34446	1.33665	1.34264	215617	0	1
2014.08.03	1.34271	1.34323	1.33327	1.34094	228913	0	6
2014.08.10	1.34061	1.34148	1.33356	1.33975	200862	0	6
2014.08.17	1.33913	1.33988	1.32204	1.32381	198054	0	2
2014.08.24	1.31914	1.32204	1.31323	1.31323	181357	0	1
2014.08.31	1.31292	1.31600	1.29201	1.29510	210091	0	1
2014.09.07	1.29531	1.29791	1.28594	1.29643	295977	0	1
2014.09.14	1.29679	1.29951	1.28275	1.28284	260293	0	1
2014.09.21	1.28267	1.29012	1.26769	1.26825	287020	0	1
2014.09.28	1.26812	1.27149	1.25006	1.25145	285632	0	1
2014.10.05	1.25132	1.27914	1.25089	1.26272	348625	0	1
2014.10.12	1.26273	1.28868	1.26248	1.27591	453256	0	1
2014.10.19	1.27552	1.28397	1.26134	1.26681	363842	0	3
2014.10.26	1.26751	1.27701	1.24851	1.25231	399235	0	1
2014.11.02	1.25085	1.25772	1.23571	1.24535	494358	0	1
2014.11.09	1.24637	1.25462	1.23939	1.25215	463927	0	1
2014.11.16	1.25204	1.25991	1.23747	1.23892	392866	0	1
2014.11.23	1.23623	1.25310	1.23623	1.24498	278942	22224335000	1
2014.11.30	1.24613	1.25062	1.22707	1.22844	287048	0	1
2014.12.07	1.22828	1.24949	1.22472	1.24600	335435	428248938800	1
2014.12.14	1.24731	1.25696	1.22200	1.22224	351726	475662784000	0
2014.12.21	1.22230	1.22723	1.21644	1.21773	522167	778831584000	0
2014.12.28	1.21807	1.22209	1.19997	1.20014	199101	189085240000	0
2015.01.04	1.19454	1.19757	1.17536	1.18402	458565	0	9
2015.01.11	1.18481	1.18702	1.14594	1.15650	520065	0	9
2015.01.18	1.15524	1.16790	1.11145	1.12032	251059	0	6
2015.01.25	1.11492	1.14221	1.10970	1.12844	278771	26232873000	1
2015.02.01	1.13115	1.15332	1.12918	1.13102	349852	0	1
2015.02.08	1.12952	1.14421	1.12698	1.13919	330358	0	5
2015.02.15	1.13994	1.14496	1.12788	1.13785	314887	0	1
2015.02.22	1.13940	1.13952	1.11758	1.11957	296476	0	5
2015.03.01	1.11805	1.12402	1.08387	1.08433	300856	0	5
2015.03.08	1.08296	1.09061	1.04619	1.04910	401922	0	2
2015.03.15	1.04855	1.10415	1.04791	1.08189	435126	0	1
2015.03.22	1.08667	1.10515	1.07667	1.08841	414507	0	5
2015.03.29	1.08841	1.10261	1.07123	1.09679	327491	0	1
2015.04.05	1.10007	1.10348	1.05674	1.06030	329302	0	1
2015.04.12	1.06030	1.08481	1.05202	1.08089	431252	0	2
2015.04.19	1.08089	1.08996	1.06594	1.08700	452832	0	4
2015.04.26	1.08627	1.12896	1.08191	1.11967	549654	0	4
2015.05.03	1.11922	1.13918	1.10662	1.12085	190619	0	1
2015.05.10	1.12000	1.14661	1.11305	1.14466	422918	0	1
2015.05.17	1.14485	1.14485	1.10016	1.10141	500607	0	4
2015.05.24	1.10052	1.10089	1.08185	1.09895	504263	0	5
2015.05.31	1.09835	1.13793	1.08865	1.11163	662111	0	1
2015.06.07	1.11018	1.13855	1.10837	1.12621	808892	0	5
2015.06.14	1.12133	1.14360	1.11893	1.13483	683352	0	4
2015.06.21	1.13740	1.14097	1.11297	1.11713	671863	0	5
2015.06.28	1.10047	1.12776	1.09538	1.11038	714227	0	4
2015.07.05	1.09794	1.12153	1.09158	1.11541	787387	0	4
2015.07.12	1.10993	1.11963	1.08281	1.08299	695744	0	5
2015.07.19	1.08332	1.10180	1.08078	1.09762	756333	362240361000	4
2015.07.26	1.09759	1.11292	1.08931	1.09831	708373	974474696000	5
2015.08.02	1.09711	1.09957	1.08477	1.09640	680722	966121143000	5
2015.08.09	1.09623	1.12137	1.09250	1.11100	600900	819337173000	4
2015.08.16	1.11140	1.13884	1.10171	1.13865	729892	1017363513000	7
2015.08.23	1.13742	1.17138	1.11559	1.11803	1072302	1239910391000	7
2015.08.30	1.11767	1.13318	1.10869	1.11469	745872	1053585481000	7
2015.09.06	1.11571	1.13493	1.11210	1.13395	724352	1042566194000	7
2015.09.13	1.13298	1.14600	1.12138	1.12985	697376	1051997574000	7
2015.09.20	1.12823	1.13298	1.11049	1.11994	735427	1103243120000	7
2015.09.27	1.11910	1.13181	1.11347	1.12095	734787	1104037547000	4
2015.10.04	1.12202	1.13869	1.11717	1.13569	723200	1157952219000	7
2015.10.11	1.13588	1.14949	1.13339	1.13474	624106	1001400043000	0
2015.10.18	1.13546	1.13868	1.09963	1.10169	650550	1056362226000	0
2015.10.25	1.10071	1.10955	1.08966	1.10050	621044	999421622000	0
2015.11.01	1.10266	1.10527	1.07070	1.07390	632031	1028290494000	0
2015.11.08	1.07283	1.08301	1.06740	1.07668	754210	1151847960000	0
2015.11.15	1.07366	1.07628	1.06166	1.06451	728822	1169431344000	0
2015.11.22	1.06372	1.06890	1.05657	1.05938	691941	1106524406000	0
2015.11.29	1.05887	1.09807	1.05222	1.08779	808995	1277493798000	0
2015.12.06	1.08681	1.10427	1.07958	1.09894	775048	1169925620000	0
2015.12.13	1.09801	1.10593	1.08023	1.08613	813414	1109525424000	0
2015.12.20	1.08511	1.09839	1.08457	1.09542	414093	525729500000	0
2015.12.27	1.09441	1.09922	1.08526	1.08609	332889	393294847000	0
2016.01.03	1.08696	1.09462	1.07104	1.09245	789395	1045801868000	0
2016.01.10	1.09171	1.09844	1.08046	1.09132	843872	1185031337000	0
2016.01.17	1.09206	1.09757	1.07770	1.07965	859880	1267134159000	0
2016.01.24	1.07886	1.09674	1.07886	1.08300	857963	1226975883000	0
2016.01.31	1.08297	1.12468	1.08142	1.11578	914283	1156926575000	7
2016.02.07	1.11415	1.13761	1.10862	1.12503	1112797	1570667151000	0
2016.02.14	1.12336	1.12495	1.10664	1.11279	823814	1162729462000	0
2016.02.21	1.11111	1.11244	1.09114	1.09289	805888	1346337448000	0
2016.02.28	1.09130	1.10430	1.08251	1.10064	805347	1294858673000	5
2016.03.06	1.09879	1.12177	1.08219	1.11462	732100	1138434791000	7
2016.03.13	1.11444	1.13422	1.10575	1.12688	703779	1038301145000	7
2016.03.20	1.12682	1.12844	1.11439	1.11613	474566	619871355000	0
2016.03.27	1.11599	1.14377	1.11527	1.13897	660864	1100120444000	0
2016.04.03	1.13994	1.14538	1.13262	1.13949	731689	1167671031000	0
2016.04.10	1.14138	1.14645	1.12335	1.12827	679931	1117963972000	0
2016.04.17	1.12998	1.13985	1.12154	1.12154	661726	928891644000	0
2016.04.24	1.12167	1.14590	1.12145	1.14504	690513	1005193577000	0
2016.05.01	1.14582	1.16159	1.13856	1.14009	714720	1006960940000	0
2016.05.08	1.13939	1.14462	1.12825	1.13088	595504	923758689000	0
2016.05.15	1.13098	1.13482	1.11796	1.12217	606041	975882437000	0
2016.05.22	1.12033	1.12426	1.11107	1.11130	574241	945429153000	0
2016.05.29	1.11125	1.13732	1.10707	1.13662	637599	1092489360000	0
2016.06.05	1.13542	1.14151	1.12450	1.12533	645488	1109201421000	0
2016.06.12	1.12478	1.13027	1.11307	1.12752	746001	1257713456000	0
2016.06.19	1.13308	1.14278	1.09113	1.10912	829120	1254982379000	0
2016.06.26	1.10024	1.11689	1.09705	1.11361	824124	1151508206000	0
2016.07.03	1.11245	1.11862	1.10016	1.10497	635295	948449105000	0
2016.07.10	1.10448	1.11644	1.10153	1.10244	683286	1159470478000	0
2016.07.17	1.10497	1.10839	1.09551	1.09747	575364	1001480969000	0
2016.07.24	1.09725	1.11972	1.09314	1.11743	580293	843704556000	0
2016.07.31	1.11715	1.12334	1.10453	1.10867	531328	633152185000	0
2016.08.07	1.10795	1.12209	1.10700	1.11634	503635	717601669000	0
2016.08.14	1.11659	1.13661	1.11530	1.13237	553397	701510710000	0
2016.08.21	1.13087	1.13548	1.11806	1.11856	521203	636044205000	0
2016.08.28	1.11823	1.12518	1.11227	1.11449	519827	568181727000	0
2016.09.04	1.11564	1.13266	1.11393	1.12235	550864	570112272000	0
2016.09.11	1.12304	1.12833	1.11492	1.11535	610953	710811979000	0
2016.09.18	1.11531	1.12569	1.11228	1.12149	564041	613511528000	0
2016.09.25	1.12290	1.12788	1.11531	1.12399	628079	698639644000	0
2016.10.02	1.12262	1.12439	1.11040	1.11931	692360	818381106000	0
2016.10.09	1.11810	1.12028	1.09699	1.09711	663885	730049018000	0
2016.10.16	1.09689	1.10388	1.08590	1.08736	557208	528473480000	0
2016.10.23	1.08801	1.09915	1.08507	1.09745	552779	461187947000	0
2016.10.30	1.09841	1.11405	1.09355	1.11375	589055	524553953000	0
2016.11.06	1.10616	1.12991	1.08301	1.08503	856770	769952179000	0
2016.11.13	1.08316	1.08403	1.05687	1.05826	830097	742663966000	0
2016.11.20	1.05915	1.06575	1.05176	1.05772	760860	651550339000	0
2016.11.27	1.06079	1.06896	1.05521	1.06538	745457	596530190000	0
2016.12.04	1.06171	1.08734	1.05044	1.05515	608947	399965566000	0
2016.12.11	1.05326	1.06698	1.03660	1.04401	659991	466309077000	0
2016.12.18	1.04374	1.04989	1.03519	1.04700	528018	444497638000	0
2016.12.25	1.04607	1.06522	1.03249	1.05068	478283	408342680000	0
2017.01.01	1.05100	1.06207	1.03399	1.05235	667689	565905926000	0
2017.01.08	1.05292	1.06844	1.04534	1.06420	775893	605416033000	0
2017.01.15	1.06023	1.07190	1.05789	1.06982	762890	628195585000	0
2017.01.22	1.07004	1.07745	1.06572	1.06968	714178	620828223000	0
2017.01.29	1.07023	1.08284	1.06200	1.07789	735461	648054137000	0
2017.02.05	1.07848	1.07906	1.06072	1.06377	634550	552315453000	0
2017.02.12	1.06276	1.06790	1.05210	1.06056	610060	547506040000	0
2017.02.19	1.06069	1.06326	1.04933	1.05513	569455	490297713000	0
2017.02.26	1.05622	1.06304	1.04946	1.06166	629942	560126465000	0
2017.03.05	1.06033	1.06988	1.05247	1.06712	600364	549991275000	7
2017.03.12	1.06832	1.07821	1.05995	1.07362	622371	554502597000	0
2017.03.19	1.07384	1.08245	1.07189	1.07957	584753	519252993000	0
2017.03.26	1.08316	1.09057	1.06462	1.06462	548814	507688407000	0
2017.04.02	1.06591	1.06887	1.05804	1.05884	512352	486033592000	0
2017.04.09	1.05860	1.06773	1.05695	1.06096	428208	394885406000	0
2017.04.16	1.06102	1.07773	1.06025	1.07266	436803	433378274000	0
2017.04.23	1.09047	1.09506	1.08205	1.08921	552212	495314935000	0
2017.04.30	1.09086	1.09988	1.08745	1.09863	481082	454482346000	0
2017.05.07	1.10160	1.10176	1.08387	1.09268	537969	524230552000	0
2017.05.14	1.09318	1.12115	1.09222	1.11740	629838	613359886000	0
2017.05.21	1.11984	1.12680	1.11602	1.11733	576689	548471307000	0
2017.05.28	1.11660	1.12848	1.11092	1.12784	497227	465406907000	0
2017.06.04	1.12699	1.12837	1.11661	1.11935	446925	0	7
2017.06.11	1.12045	1.12954	1.11318	1.11961	443306	0	7
2017.06.18	1.12037	1.12125	1.11186	1.11928	379840	0	7
2017.06.25	1.11969	1.14451	1.11714	1.14254	510144	0	7
2017.07.02	1.14175	1.14395	1.13121	1.13954	426350	0	7
2017.07.09	1.13965	1.14891	1.13700	1.14666	462552	0	7
2017.07.16	1.14688	1.16825	1.14345	1.16623	526042	0	7
2017.07.23	1.16589	1.17765	1.16123	1.17494	556011	0	7
2017.07.30	1.17518	1.19100	1.17229	1.17719	523449	0	7
2017.08.06	1.17729	1.18468	1.16885	1.18189	481809	0	7
2017.08.13	1.18212	1.18380	1.16619	1.17578	516012	0	7
2017.08.20	1.17590	1.19411	1.17307	1.19209	422203	0	7
2017.08.27	1.19423	1.20699	1.18228	1.18627	535251	0	7
2017.09.03	1.18807	1.20921	1.18679	1.20337	565122	0	7
2017.09.10	1.20161	1.20292	1.18379	1.19447	496328	1054193000	0
2017.09.17	1.19233	1.20330	1.18611	1.19465	493193	0	0
2017.09.24	1.18987	1.19366	1.17171	1.18131	501792	0	0
2017.10.01	1.17945	1.18151	1.16692	1.17290	399130	0	0
2017.10.08	1.17305	1.18797	1.17195	1.18195	344846	0	0
2017.10.15	1.18120	1.18579	1.17300	1.17811	371239	0	0
2017.10.22	1.17664	1.18367	1.15742	1.16075	399532	0	0
2017.10.29	1.16054	1.16906	1.15933	1.16066	337299	0	0
2017.11.05	1.16097	1.16779	1.15540	1.16637	334933	0	0
2017.11.12	1.16574	1.18603	1.16373	1.17884	346862	0	0
2017.11.19	1.17852	1.19443	1.17129	1.19287	322068	0	0
2017.11.26	1.19265	1.19611	1.18089	1.18919	421435	0	0
2017.12.03	1.18618	1.18786	1.17302	1.17731	394406	0	0
2017.12.10	1.17650	1.18625	1.17175	1.17505	381570	0	0
2017.12.17	1.17435	1.19017	1.17375	1.18630	505827	0	0
2017.12.24	1.18704	1.20255	1.18466	1.20045	280843	0	1
2017.12.31	1.20088	1.20889	1.20007	1.20298	416717	0	1
2018.01.07	1.20268	1.22185	1.19155	1.22000	686104	0	1
2018.01.14	1.21932	1.23231	1.21652	1.22224	852634	0	1
2018.01.21	1.22698	1.25378	1.22139	1.24264	1005448	0	0
2018.01.28	1.24259	1.25220	1.23348	1.24560	951366	0	1
2018.02.04	1.24344	1.24749	1.22054	1.22498	1160485	0	1
2018.02.11	1.22442	1.25554	1.22350	1.24105	810971	0	1
2018.02.18	1.24008	1.24352	1.22595	1.22935	725797	0	1
2018.02.25	1.22930	1.23550	1.21546	1.23184	748826	0	1
2018.03.04	1.23324	1.24462	1.22688	1.23053	786397	0	1
2018.03.11	1.23096	1.24125	1.22600	1.22889	619336	0	1
2018.03.18	1.22872	1.23885	1.22396	1.23514	650183	0	1
2018.03.25	1.23497	1.24763	1.22839	1.23218	529644	0	1
2018.04.01	1.23192	1.23450	1.22149	1.22809	406643	0	1
2018.04.08	1.22794	1.23964	1.22602	1.23290	385944	0	1
2018.04.15	1.23289	1.24137	1.22496	1.22873	339671	0	1
2018.04.22	1.22695	1.22895	1.20553	1.21293	440328	0	1
2018.04.29	1.21248	1.21387	1.19108	1.19609	514946	0	1
2018.05.06	1.19507	1.19780	1.18226	1.19417	467822	0	1
2018.05.13	1.19418	1.19961	1.17498	1.17705	523562	0	1
2018.05.20	1.17696	1.18297	1.16452	1.16492	539475	0	1
2018.05.27	1.16823	1.17284	1.15098	1.16596	643643	0	0
2018.06.03	1.16554	1.18398	1.16526	1.17693	494367	0	0
2018.06.10	1.17732	1.18519	1.15430	1.16070	526713	0	1
2018.06.17	1.15874	1.16749	1.15078	1.16539	574416	0	1
2018.06.24	1.16635	1.17205	1.15271	1.16831	625519	0	1
2018.07.01	1.16841	1.17679	1.15912	1.17435	453108	0	1
2018.07.08	1.17382	1.17908	1.16128	1.16856	467936	0	1
2018.07.15	1.16895	1.17446	1.15747	1.17209	554059	0	0
2018.07.22	1.17261	1.17497	1.16199	1.16565	372540	0	3
2018.07.29	1.16563	1.17455	1.15598	1.15672	313409	0	2
2018.08.05	1.15681	1.16278	1.13878	1.14111	316260	0	2
2018.08.12	1.13714	1.14445	1.13006	1.14381	424668	0	2
2018.08.19	1.14366	1.16394	1.13940	1.16218	372151	0	2
2018.08.26	1.16160	1.17333	1.15842	1.16021	387148	0	2
2018.09.02	1.15955	1.16588	1.15297	1.15526	361319	0	2
2018.09.09	1.15494	1.17213	1.15255	1.16219	315729	0	2
2018.09.16	1.16231	1.18024	1.16175	1.17537	344737	0	3
2018.09.23	1.17405	1.18148	1.15693	1.16020	369733	0	2
2018.09.30	1.16156	1.16243	1.14630	1.15234	391742	0	3
2018.10.07	1.15205	1.16101	1.14318	1.15584	428430	0	2
2018.10.14	1.15364	1.16209	1.14326	1.15142	387061	0	2
2018.10.21	1.15160	1.15498	1.13353	1.14021	412609	0	2
2018.10.28	1.13978	1.14555	1.13017	1.13859	374875	0	3
2018.11.04	1.13853	1.14994	1.13157	1.13343	396615	0	2
2018.11.11	1.13184	1.14199	1.12153	1.14140	443026	0	3
2018.11.18	1.14136	1.14719	1.13270	1.13296	297639	0	2
2018.11.25	1.13391	1.14013	1.12667	1.13155	352113	0	2
2018.12.02	1.13499	1.14233	1.13104	1.13962	372424	0	2
2018.12.09	1.13893	1.14423	1.12694	1.13053	400607	0	2
2018.12.16	1.12995	1.14855	1.12957	1.13665	426163	0	2
2018.12.23	1.13675	1.14723	1.13422	1.14398	287476	0	2
2018.12.30	1.14337	1.14967	1.13088	1.13955	331483	0	2
2019.01.06	1.13957	1.15698	1.13952	1.14626	365279	0	2
2019.01.13	1.14569	1.14893	1.13528	1.13655	346702	0	3
2019.01.20	1.13587	1.14172	1.12889	1.14051	334430	0	3
2019.01.27	1.14006	1.15139	1.13897	1.14529	365092	0	2
2019.02.03	1.14506	1.14600	1.13206	1.13217	260644	0	2
2019.02.10	1.13196	1.13410	1.12336	1.12905	289987	0	2
2019.02.17	1.12917	1.13707	1.12750	1.13303	298622	0	3
2019.02.24	1.13332	1.14192	1.13270	1.13626	317731	0	2
2019.03.03	1.13734	1.13810	1.11756	1.12324	304064	0	2
2019.03.10	1.12345	1.13439	1.12214	1.13237	294352	0	2
2019.03.17	1.13230	1.14477	1.12729	1.13006	303744	0	0
2019.03.24	1.12934	1.13310	1.12094	1.12166	348369	0	2
2019.03.31	1.12258	1.12543	1.11833	1.12152	280586	0	3
2019.04.07	1.12139	1.13235	1.12101	1.12981	237518	0	2
2019.04.14	1.13032	1.13234	1.12258	1.12388	225375	0	2
2019.04.21	1.12396	1.12616	1.11105	1.11420	241061	0	2
2019.04.28	1.11390	1.12644	1.11346	1.12021	266238	0	2
2019.05.05	1.11707	1.12532	1.11662	1.12333	304590	0	3
2019.05.12	1.12296	1.12631	1.11548	1.11565	251498	0	2
2019.05.19	1.11600	1.12118	1.11066	1.12044	233185	0	3
2019.05.26	1.12094	1.12150	1.11157	1.11676	225397	0	1
2019.06.02	1.11644	1.13474	1.11596	1.13322	325800	0	1
2019.06.09	1.13224	1.13430	1.12020	1.12103	256590	0	3
2019.06.16	1.12088	1.13773	1.11809	1.13699	318802	0	1
2019.06.23	1.13696	1.14116	1.13437	1.13693	290931	0	2
2019.06.30	1.13670	1.13707	1.12070	1.12248	223778	0	2
2019.07.07	1.12240	1.12857	1.11932	1.12699	215465	0	1
2019.07.14	1.12654	1.12838	1.11997	1.12194	222048	0	1
2019.07.21	1.12140	1.12252	1.11013	1.11270	204455	0	2
2019.07.28	1.11253	1.11620	1.10269	1.11050	319326	0	2
2019.08.04	1.11032	1.12495	1.11027	1.11998	387700	0	2
2019.08.11	1.11977	1.12306	1.10663	1.10893	350110	0	1
2019.08.18	1.10924	1.11531	1.10515	1.11386	272508	0	1
2019.08.25	1.11496	1.11639	1.09630	1.09893	379954	0	1
2019.09.01	1.09899	1.10846	1.09257	1.10245	321987	0	1
2019.09.08	1.10256	1.11094	1.09267	1.10697	246396	0	1
2019.09.15	1.10720	1.10863	1.09902	1.10187	244353	0	1
2019.09.22	1.10120	1.10253	1.09038	1.09411	237660	0	1
2019.09.29	1.09403	1.09992	1.08790	1.09772	240507	0	1
2019.10.06	1.09790	1.10627	1.09411	1.10360	245042	0	1
2019.10.13	1.10314	1.11702	1.09912	1.11689	237094	0	1
2019.10.20	1.11604	1.11793	1.10729	1.10794	173330	0	1
2019.10.27	1.10788	1.11756	1.10735	1.11648	179586	0	1
2019.11.03	1.11687	1.11753	1.10166	1.10189	182718	0	1
2019.11.10	1.10185	1.10567	1.09890	1.10515	149602	0	1
2019.11.17	1.10510	1.10969	1.10144	1.10182	153731	0	1
2019.11.24	1.10151	1.10320	1.09810	1.10152	134465	0	1
2019.12.01	1.10241	1.11161	1.10029	1.10595	154743	0	1
2019.12.08	1.10574	1.11993	1.10533	1.11173	190392	0	1
2019.12.15	1.11259	1.11745	1.10662	1.10751	162001	0	1
2019.12.22	1.10750	1.11882	1.10690	1.11760	98438	0	1
2019.12.29	1.11754	1.12392	1.11251	1.11559	128139	0	1
2020.01.05	1.11642	1.12056	1.10852	1.11213	146994	0	1
2020.01.12	1.11182	1.11727	1.10863	1.10895	118239	0	1
2020.01.19	1.10901	1.11178	1.10200	1.10260	126028	0	1
2020.01.26	1.10297	1.10951	1.09923	1.10948	129076	0	1
2020.02.02	1.10911	1.10924	1.09419	1.09429	135418	0	1
2020.02.09	1.09420	1.09574	1.08271	1.08306	130472	0	1
2020.02.16	1.08409	1.08634	1.07776	1.08476	153798	0	1
2020.02.23	1.08237	1.10528	1.08050	1.10293	290849	0	1
2020.03.01	1.10437	1.13546	1.10362	1.12902	347805	0	1
2020.03.08	1.13435	1.14946	1.10549	1.11025	512584	0	1
2020.03.15	1.11358	1.12364	1.06375	1.06935	622560	0	1
2020.03.22	1.06998	1.11464	1.06355	1.11431	361994	0	1
2020.03.29	1.11132	1.11439	1.07727	1.08127	255337	0	1
2020.04.05	1.08113	1.09521	1.07683	1.09345	195178	0	1
2020.04.12	1.09428	1.09907	1.08119	1.08739	179858	0	1
2020.04.19	1.08645	1.08965	1.07270	1.08244	171409	0	1
2020.04.26	1.08215	1.10175	1.08096	1.09802	170281	0	1
2020.05.03	1.09662	1.09736	1.07666	1.08393	167319	0	1
2020.05.10	1.08258	1.08965	1.07750	1.08187	179520	0	1
2020.05.17	1.08078	1.10083	1.08000	1.09025	164618	0	1
2020.05.24	1.08986	1.11450	1.08708	1.11078	184208	0	1
2020.05.31	1.11165	1.13837	1.11007	1.12879	236097	0	1
2020.06.07	1.12970	1.14223	1.12126	1.12607	253326	0	1
2020.06.14	1.12372	1.13534	1.11683	1.11769	237118	0	1
2020.06.21	1.11815	1.13485	1.11686	1.12182	203838	0	1
2020.06.28	1.12198	1.13027	1.11852	1.12475	187422	0	1
2020.07.05	1.12432	1.13705	1.12424	1.12969	188109	0	1
2020.07.12	1.13039	1.14520	1.13010	1.14262	201050	0	1
2020.07.19	1.14114	1.16575	1.14026	1.16552	226882	0	1
2020.07.26	1.16426	1.19086	1.16415	1.17721	263097	0	1
2020.08.02	1.17733	1.19150	1.16962	1.17859	235930	0	1
2020.08.09	1.17878	1.18641	1.17111	1.18413	212882	0	1
2020.08.16	1.18396	1.19657	1.17545	1.17968	211065	0	1
2020.08.23	1.17926	1.19198	1.17627	1.19059	212077	0	1
2020.08.30	1.19023	1.20111	1.17811	1.18395	222621	0	1
2020.09.06	1.18457	1.19171	1.17530	1.18462	208913	0	1
2020.09.13	1.18371	1.19003	1.17378	1.18417	186730	0	1
2020.09.20	1.18447	1.18717	1.16126	1.16296	210447	0	1
2020.09.27	1.16228	1.17697	1.16152	1.17167	206011	0	1
2020.10.04	1.17137	1.18305	1.17060	1.18293	173692	0	1
2020.10.11	1.18173	1.18267	1.16886	1.17163	169543	0	1
2020.10.18	1.17185	1.18808	1.17032	1.18600	171776	0	1
2020.10.25	1.18522	1.18598	1.16401	1.16466	185910	0	1
2020.11.01	1.16472	1.18910	1.16029	1.18751	232991	0	1
2020.11.08	1.18882	1.19200	1.17457	1.18330	216257	0	1
2020.11.15	1.18373	1.18937	1.18142	1.18594	169632	0	1
2020.11.22	1.18516	1.19631	1.18005	1.19606	156305	0	1
2020.11.29	1.19620	1.21775	1.19240	1.21205	191628	0	1
2020.12.06	1.21255	1.21662	1.20591	1.21131	191002	0	1
2020.12.13	1.21346	1.22728	1.21158	1.22541	174775	0	1
2020.12.20	1.22244	1.22569	1.21299	1.21959	154072	0	1
2020.12.27	1.21856	1.23098	1.21789	1.22178	134205	0	1
2021.01.03	1.22310	1.23493	1.21931	1.22219	242887	0	1
2021.01.10	1.22155	1.22229	1.20752	1.20771	208290	0	1
2021.01.17	1.20782	1.21896	1.20537	1.21707	172888	0	1
2021.01.24	1.21690	1.21832	1.20588	1.21356	207488	0	1
2021.01.31	1.21308	1.21365	1.19524	1.20495	172428	0	1
2021.02.07	1.20396	1.21494	1.20199	1.21191	140193	0	1
2021.02.14	1.21233	1.21694	1.20233	1.21176	143320	0	1
2021.02.21	1.21206	1.22428	1.20623	1.20726	209478	0	1
2021.02.28	1.20705	1.21130	1.18933	1.19123	204558	0	1
2021.03.07	1.19185	1.19899	1.18357	1.19521	185940	0	1
2021.03.14	1.19475	1.19888	1.18740	1.19046	155722	0	1
2021.03.21	1.18754	1.19467	1.17620	1.17935	149336	0	1
2021.03.28	1.17920	1.17939	1.17041	1.17614	118351	0	1
2021.04.04	1.17559	1.19272	1.17380	1.19009	123715	0	1
2021.04.11	1.18925	1.19947	1.18712	1.19812	130566	0	1
2021.04.18	1.19737	1.21000	1.19426	1.20976	133875	0	1
2021.04.25	1.20932	1.21498	1.20166	1.20209	128869	0	1
2021.05.02	1.20269	1.21714	1.19862	1.21620	129309	0	1
2021.05.09	1.21635	1.21815	1.20515	1.21445	165327	0	1
2021.05.16	1.21367	1.22450	1.21261	1.21806	149535	0	1
2021.05.23	1.21786	1.22664	1.21328	1.21895	145429	0	1
2021.05.30	1.21998	1.22544	1.21040	1.21662	130914	0	1
2021.06.06	1.21626	1.22179	1.20928	1.21063	127820	0	1
2021.06.13	1.21048	1.21473	1.18474	1.18597	157915	0	1
2021.06.20	1.18575	1.19753	1.18478	1.19373	155756	0	1
2021.06.27	1.19339	1.19445	1.18076	1.18646	144319	0	1
2021.07.04	1.18603	1.18951	1.17818	1.18774	159937	0	1
2021.07.11	1.18749	1.18802	1.17720	1.18057	145875	0	1
2021.07.18	1.18080	1.18305	1.17521	1.17694	152261	0	1
2021.07.25	1.17721	1.19087	1.17634	1.18731	139577	0	1
2021.08.01	1.18638	1.18998	1.17545	1.17612	122668	0	1
2021.08.08	1.17550	1.18047	1.17061	1.17961	108906	0	1
2021.08.15	1.17939	1.18008	1.16640	1.16996	125528	0	1
2021.08.22	1.16927	1.18024	1.16905	1.17959	121204	0	1
2021.08.29	1.17934	1.19091	1.17828	1.18775	122937	0	1
2021.09.05	1.18759	1.18864	1.18022	1.18109	128921	0	1
2021.09.12	1.18143	1.18458	1.17246	1.17258	136846	0	1
2021.09.19	1.17269	1.17555	1.16835	1.17211	149124	0	1
2021.09.26	1.17254	1.17258	1.15627	1.15931	188648	0	1
2021.10.03	1.15956	1.16399	1.15293	1.15740	192637	0	2
2021.10.10	1.15661	1.16243	1.15244	1.15984	169388	0	2
2021.10.17	1.15941	1.16692	1.15717	1.16440	194885	0	2
2021.10.24	1.16397	1.16920	1.15352	1.15623	227445	0	2
2021.10.31	1.15567	1.16164	1.15133	1.15669	236432	0	2
2021.11.07	1.15610	1.16086	1.14329	1.14432	205621	0	2
2021.11.14	1.14448	1.14639	1.12500	1.12832	213901	0	2
2021.11.21	1.12851	1.13302	1.11863	1.13227	236038	0	2
2021.11.28	1.13058	1.13827	1.12353	1.13090	270280	0	2
2021.12.05	1.13019	1.13547	1.12275	1.13169	197011	0	2
2021.12.12	1.13121	1.13603	1.12221	1.12377	202165	0	2
2021.12.19	1.12367	1.13434	1.12347	1.13170	166675	0	2
2021.12.26	1.13107	1.13863	1.12736	1.13779	129598	0	2
2022.01.02	1.13648	1.13783	1.12723	1.13594	191406	0	2
2022.01.09	1.13559	1.14828	1.12851	1.14157	203025	0	2
2022.01.16	1.14129	1.14343	1.13009	1.13422	203403	0	2
2022.01.23	1.13405	1.13450	1.11214	1.11474	215838	0	2
2022.01.30	1.11430	1.14837	1.11384	1.14517	195197	0	2
2022.02.06	1.14557	1.14948	1.13298	1.13476	221585	0	2
2022.02.13	1.13386	1.13958	1.12801	1.13229	217811	0	2
2022.02.20	1.13190	1.13905	1.11065	1.12720	300487	0	2
2022.02.27	1.11402	1.12464	1.08862	1.09308	349515	0	2
2022.03.06	1.09271	1.11210	1.08061	1.09141	285893	0	2
2022.03.13	1.09220	1.11375	1.09006	1.10493	230162	0	2
2022.03.20	1.10575	1.10699	1.09609	1.09852	232091	0	2
2022.03.27	1.09859	1.11847	1.09448	1.10453	324284	0	2
2022.04.03	1.10384	1.10543	1.08364	1.08750	254721	0	2
2022.04.10	1.09085	1.09332	1.07576	1.08086	253472	0	2
2022.04.17	1.08036	1.09363	1.07612	1.08012	276206	0	2
2022.04.24	1.08067	1.08147	1.04714	1.05464	354590	0	2
2022.05.01	1.05454	1.06418	1.04828	1.05440	338431	0	2
2022.05.08	1.05410	1.05924	1.03498	1.04081	364740	0	2
2022.05.15	1.04039	1.06070	1.03891	1.05590	295244	0	2
2022.05.22	1.05603	1.07650	1.05550	1.07312	279790	0	2
2022.05.29	1.07328	1.07868	1.06272	1.07169	255819	0	2
2022.06.05	1.07171	1.07738	1.05059	1.05211	287080	0	2
2022.06.12	1.05148	1.06013	1.03591	1.04967	454771	0	2
2022.06.19	1.04820	1.06055	1.04691	1.05539	333011	0	2
2022.06.26	1.05484	1.06147	1.03662	1.04266	333379	0	2
2022.07.03	1.04208	1.04627	1.00720	1.01835	336519	0	2
2022.07.10	1.01750	1.01837	0.99522	1.00860	381004	0	2
2022.07.17	1.00860	1.02779	1.00786	1.01979	353092	0	2
2022.07.24	1.02121	1.02578	1.00966	1.02264	341472	0	2
2022.07.31	1.02142	1.02938	1.01227	1.01780	345895	0	2
2022.08.07	1.01741	1.03684	1.01592	1.02567	271955	0	2
2022.08.14	1.02572	1.02682	1.00320	1.00394	267776	0	2
2022.08.21	1.00374	1.00898	0.99006	0.99651	279998	0	2
2022.08.28	0.99652	1.00791	0.99108	0.99574	309691	0	2
2022.09.04	0.99286	1.01132	0.98640	1.00462	296989	0	2
2022.09.11	1.00918	1.01977	0.99451	1.00133	284346	0	2
2022.09.18	1.00125	1.00505	0.96680	0.96889	306896	0	2
2022.09.25	0.96695	0.98538	0.95360	0.97997	444808	0	2
2022.10.02	0.97970	0.99995	0.97262	0.97381	395644	0	2
2022.10.09	0.97330	0.98088	0.96316	0.97237	644877	0	2
2022.10.16	0.97218	0.98758	0.97047	0.98629	706409	0	2
2022.10.23	0.98735	1.00938	0.98068	0.99660	714609	0	2
2022.10.30	0.99584	0.99761	0.97301	0.99593	564259	0	2
2022.11.06	0.99098	1.03642	0.99076	1.03537	578907	0	2
2022.11.13	1.03340	1.04818	1.02714	1.03197	602386	0	2
2022.11.20	1.03213	1.04486	1.02226	1.03850	428476	0	2
2022.11.27	1.03732	1.05451	1.02902	1.05409	576784	0	2
2022.12.04	1.05319	1.05948	1.04431	1.05339	506867	0	2
2022.12.11	1.05298	1.07360	1.05058	1.05897	524042	0	2
2022.12.18	1.05873	1.06593	1.05731	1.06168	473530	0	2
2022.12.25	1.06345	1.07131	1.06066	1.06999	295353	0	2
2023.01.01	1.06994	1.07073	1.04819	1.06428	461559	0	2
2023.01.08	1.06401	1.08679	1.06356	1.08326	482005	0	2
2023.01.15	1.08290	1.08874	1.07659	1.08557	459593	0	2
2023.01.22	1.08619	1.09294	1.08351	1.08674	377710	0	2
2023.01.29	1.08604	1.10329	1.07925	1.07932	449155	0	2
2023.02.05	1.07854	1.07990	1.06662	1.06781	409577	0	2
2023.02.12	1.06774	1.08044	1.06127	1.06936	446759	0	2
2023.02.19	1.06859	1.07045	1.05361	1.05446	392157	0	2
2023.02.26	1.05454	1.06914	1.05329	1.06331	403551	0	2
2023.03.05	1.06248	1.07007	1.05241	1.06383	443921	0	2
2023.03.12	1.06809	1.07597	1.05160	1.06651	702951	0	2
2023.03.19	1.06800	1.09297	1.06313	1.07601	465704	0	2
2023.03.26	1.07707	1.09263	1.07449	1.08426	320691	0	2
2023.04.02	1.08402	1.09733	1.07882	1.08985	287758	0	2
2023.04.09	1.09004	1.10759	1.08313	1.09948	287740	0	2
2023.04.16	1.09903	1.09998	1.09091	1.09895	284413	0	2
2023.04.23	1.09890	1.10955	1.09626	1.10166	333645	0	2
2023.04.30	1.10195	1.10916	1.09420	1.10183	332934	0	2
2023.05.07	1.10139	1.10536	1.08479	1.08499	273508	0	2
2023.05.14	1.08533	1.09046	1.07599	1.08047	263889	0	2
2023.05.21	1.08048	1.08312	1.07017	1.07255	295865	0	2
2023.05.28	1.07204	1.07789	1.06351	1.07060	270113	0	2
2023.06.04	1.07059	1.07870	1.06669	1.07495	247409	0	2
2023.06.11	1.07472	1.09707	1.07331	1.09409	282208	0	2
2023.06.18	1.09314	1.10119	1.08444	1.08942	272454	0	2
2023.06.25	1.08995	1.09767	1.08352	1.09106	286490	0	2
2023.07.02	1.09105	1.09731	1.08335	1.09662	268675	0	2
2023.07.09	1.09559	1.12448	1.09434	1.12285	314692	0	2
2023.07.16	1.12224	1.12757	1.11077	1.11254	309563	0	2
2023.07.23	1.11213	1.11496	1.09435	1.10164	371556	0	2
2023.07.30	1.10170	1.10458	1.09121	1.10111	351833	0	2
2023.08.06	1.10120	1.10647	1.09289	1.09477	293958	0	2
2023.08.13	1.09493	1.09601	1.08449	1.08720	349464	0	2
2023.08.20	1.08720	1.09303	1.07656	1.07937	317401	0	2
2023.08.27	1.07956	1.09454	1.07722	1.07731	340986	0	2
2023.09.03	1.07751	1.08088	1.06860	1.07002	380117	0	50
2023.09.10	1.07143	1.07688	1.06317	1.06626	430114	0	50
2023.09.17	1.06583	1.07367	1.06148	1.06440	390218	0	50
2023.09.24	1.06487	1.06555	1.04880	1.05730	447081	0	50
2023.10.01	1.05659	1.05998	1.04482	1.05835	518571	0	50
2023.10.08	1.05529	1.06396	1.04953	1.05067	649434	0	50
2023.10.15	1.05092	1.06166	1.05062	1.05949	498756	0	50
2023.10.22	1.05938	1.06940	1.05216	1.05652	489563	0	50
2023.10.29	1.05654	1.07466	1.05168	1.07273	511529	0	50
2023.11.05	1.07245	1.07562	1.06561	1.06840	456386	0	50
2023.11.12	1.06833	1.09137	1.06650	1.09130	455689	0	50
2023.11.19	1.09094	1.09651	1.08523	1.09358	420230	0	50
2023.11.26	1.09447	1.10171	1.08286	1.08809	536307	0	50
2023.12.03	1.08785	1.08948	1.07233	1.07624	458157	0	2
2023.12.10	1.07590	1.10091	1.07415	1.08952	410213	0	2
2023.12.17	1.08949	1.10402	1.08919	1.10124	364854	0	2
2023.12.24	1.10088	1.11393	1.10056	1.10390	224929	0	2
2023.12.31	1.10423	1.10443	1.08765	1.09409	323190	0	2
2024.01.07	1.09411	1.09985	1.09103	1.09496	378110	0	2
2024.01.14	1.09444	1.09675	1.08445	1.08974	385128	0	2
2024.01.21	1.08919	1.09324	1.08128	1.08528	369051	0	2
2024.01.28	1.08428	1.08975	1.07799	1.07888	431010	0	2
2024.02.04	1.07825	1.07950	1.07225	1.07844	382471	0	2
2024.02.11	1.07818	1.08056	1.06947	1.07762	362757	0	2
2024.02.18	1.07730	1.08880	1.07615	1.08207	357855	0	2
2024.02.25	1.08293	1.08659	1.07958	1.08399	389512	0	2
2024.03.03	1.08373	1.09811	1.08360	1.09391	384188	0	2
2024.03.10	1.09397	1.09636	1.08728	1.08885	361827	0	2
2024.03.17	1.08898	1.09425	1.08017	1.08087	344278	0	2
2024.03.24	1.08083	1.08643	1.07675	1.07928	271973	0	2
2024.03.31	1.07892	1.08765	1.07244	1.08370	327103	0	2
2024.04.07	1.08361	1.08851	1.06225	1.06413	360550	0	2
2024.04.14	1.06341	1.06901	1.06011	1.06572	444716	0	2
2024.04.21	1.06511	1.07528	1.06238	1.06940	334721	0	2
2024.04.28	1.06918	1.08121	1.06493	1.07634	342724	0	2
2024.05.05	1.07631	1.07907	1.07239	1.07697	230257	0	2
2024.05.12	1.07699	1.08951	1.07630	1.08702	238990	0	2
2024.05.19	1.08656	1.08845	1.08047	1.08461	246281	0	2
2024.05.26	1.08458	1.08890	1.07882	1.08496	261519	0	2
2024.06.02	1.08464	1.09160	1.07996	1.08020	306096	0	1
2024.06.09	1.07685	1.08522	1.06676	1.07058	259718	0	2
2024.06.16	1.07029	1.07614	1.06709	1.06929	175719	0	2
2024.06.23	1.06892	1.07463	1.06659	1.07130	245026	0	2
2024.06.30	1.07418	1.08427	1.07098	1.08391	278518	0	2
2024.07.07	1.08040	1.09113	1.08040	1.09048	292544	0	2
2024.07.14	1.08840	1.09480	1.08715	1.08818	318095	0	2
2024.07.21	1.08832	1.09028	1.08256	1.08552	324927	0	2
2024.07.28	1.08567	1.09265	1.07775	1.09108	399805	0	2
2024.08.04	1.09197	1.10089	1.08815	1.09157	532445	0	2
2024.08.11	1.09142	1.10474	1.09101	1.10268	285930	0	2
2024.08.18	1.10258	1.12007	1.10222	1.11932	326109	0	2
2024.08.25	1.11867	1.12016	1.10438	1.10484	331035	0	2
2024.09.01	1.10447	1.11554	1.10263	1.10861	319885	0	2
2024.09.08	1.10797	1.11018	1.10020	1.10744	307503	0	2
2024.09.15	1.10763	1.11891	1.10685	1.11629	367417	0	2
2024.09.22	1.11582	1.12139	1.10831	1.11590	370806	0	2
2024.09.29	1.11566	1.12090	1.09513	1.09757	382731	0	2
2024.10.06	1.09652	1.09971	1.09000	1.09354	320851	0	2
2024.10.13	1.09301	1.09367	1.08109	1.08674	278981	0	2
2024.10.20	1.08602	1.08719	1.07612	1.07954	286369	0	2
2024.10.27	1.07913	1.09057	1.07688	1.08341	347073	0	2
2024.11.03	1.08811	1.09370	1.06824	1.07180	470204	0	2
2024.11.10	1.07077	1.07280	1.04963	1.05332	423619	0	2
2024.11.17	1.05301	1.06097	1.03334	1.04175	410397	0	2
2024.11.24	1.04755	1.05972	1.04250	1.05773	442516	0	2
2024.12.01	1.05669	1.06297	1.04606	1.05669	381261	0	2
2024.12.08	1.05570	1.05943	1.04529	1.05035	367991	0	2
2024.12.15	1.04857	1.05343	1.03430	1.04284	413176	0	2
2024.12.22	1.04295	1.04455	1.03835	1.04240	191760	0	2
2024.12.29	1.04304	1.04583	1.02241	1.03079	272962	0	2
2025.01.05	1.03026	1.04368	1.02133	1.02434	356996	0	2
2025.01.12	1.02360	1.03543	1.01775	1.02687	319369	0	2
2025.01.19	1.02778	1.05214	1.02662	1.04955	339262	0	2
2025.01.26	1.04783	1.05331	1.03499	1.03584	358134	0	2
2025.02.02	1.02411	1.04422	1.02107	1.03257	356453	0	2
2025.02.09	1.02865	1.05143	1.02827	1.04886	270657	0	2
2025.02.16	1.04846	1.05065	1.04008	1.04591	231820	0	2
2025.02.23	1.04674	1.05288	1.03598	1.03754	283780	0	2
2025.03.02	1.04039	1.08888	1.03885	1.08357	383823	0	2
2025.03.09	1.08284	1.09472	1.08050	1.08815	322638	0	2
2025.03.16	1.08780	1.09546	1.07969	1.08127	245533	0	2
2025.03.23	1.08141	1.08582	1.07328	1.08295	242486	0	2
2025.03.30	1.08255	1.11453	1.07782	1.09622	372323	0	2
2025.04.06	1.08854	1.14733	1.08803	1.13506	574177	0	2
2025.04.13	1.13164	1.14247	1.12640	1.13925	367656	0	2
2025.04.20	1.13951	1.15730	1.13080	1.13596	339802	0	2
2025.04.27	1.13585	1.14247	1.12659	1.12984	287717	0	2
2025.05.04	1.13006	1.13811	1.11965	1.12474	285809	0	2
2025.05.11	1.11979	1.12656	1.10653	1.11602	311815	0	2
2025.05.18	1.11732	1.13755	1.11683	1.13639	311410	0	2
2025.05.25	1.13638	1.14187	1.12101	1.13467	281177	0	2
2025.06.01	1.13453	1.14948	1.13442	1.13926	277104	0	2
2025.06.08	1.13956	1.16316	1.13728	1.15470	279607	0	2
2025.06.15	1.15315	1.16146	1.14462	1.15214	281693	0	2
2025.06.22	1.14563	1.17538	1.14535	1.17189	304294	0	2
2025.06.29	1.17286	1.18294	1.17077	1.17722	247810	0	2
2025.07.06	1.17821	1.17902	1.16625	1.16920	238935	0	2
2025.07.13	1.16666	1.17218	1.15564	1.16223	232264	0	2
2025.07.20	1.16222	1.17886	1.16144	1.17388	223293	0	2
2025.07.27	1.17504	1.17705	1.13914	1.15952	295643	0	2
2025.08.03	1.15913	1.16989	1.15277	1.16400	264368	0	2
2025.08.10	1.16407	1.17302	1.15899	1.17027	260707	0	2
2025.08.17	1.17079	1.17425	1.15829	1.17208	257169	0	2
2025.08.24	1.17218	1.17259	1.15740	1.16866	262470	0	2
2025.08.31	1.16941	1.17594	1.16080	1.17205	275890	0	2
2025.09.07	1.17130	1.17799	1.16574	1.17316	238864	0	2
2025.09.14	1.17290	1.19186	1.17162	1.17428	260608	0	2
2025.09.21	1.17386	1.18198	1.16454	1.17014	239999	0	2
2025.09.28	1.16986	1.17787	1.16832	1.17391	225432	0	0
2025.10.05	1.17221	1.17308	1.15420	1.16232	239356	0	0
2025.10.12	1.16092	1.17283	1.15429	1.16521	278113	0	0
2025.10.19	1.16594	1.16754	1.15767	1.16269	229435	0	0
2025.10.26	1.16322	1.16687	1.15215	1.15353	230998	0	0
2025.11.02	1.15301	1.15911	1.14690	1.15634	198961	0	0
2025.11.09	1.15551	1.16560	1.15411	1.16217	228923	0	0
2025.11.16	1.16135	1.16246	1.14912	1.15152	243661	0	0
2025.11.23	1.15109	1.16136	1.15018	1.15963	256268	0	0
2025.11.30	1.15909	1.16820	1.15894	1.16410	209967	0	0
2025.12.07	1.16347	1.17627	1.16151	1.17381	244446	0	0
2025.12.14	1.17323	1.18041	1.17028	1.17073	254069	0	0
2025.12.21	1.17120	1.18081	1.17058	1.17687	178127	0	0
2025.12.28	1.17653	1.17890	1.17132	1.17203	176365	0	0
2026.01.04	1.17196	1.17429	1.16182	1.16299	240873	0	0
2026.01.11	1.16281	1.16984	1.15845	1.15981	241378	0	0
2026.01.18	1.15782	1.18335	1.15771	1.18292	294027	0	0
2026.01.25	1.18598	1.20830	1.18349	1.18507	489722	0	0
2026.02.01	1.18473	1.18747	1.17655	1.18135	385292	0	0
2026.02.08	1.18110	1.19286	1.18098	1.18675	335383	0	0
2026.02.15	1.18666	1.18704	1.17420	1.17852	276700	0	0
2026.02.22	1.17911	1.18346	1.17660	1.18118	301082	0	0
2026.03.01	1.17666	1.17959	1.15302	1.16126	557555	0	0
2026.03.08	1.15442	1.16674	1.14105	1.14138	572004	0	0
2026.03.15	1.14185	1.16162	1.14143	1.15705	451282	0	0
2026.03.22	1.15353	1.16397	1.14845	1.15118	527267	0	1
2026.03.29	1.15017	1.16271	1.14430	1.15218	326354	0	1
