<DATE>	<OPEN>	<HIGH>	<LOW>	<CLOSE>	<TICKVOL>	<VOL>	<SPREAD>
2010.01.03	0.88822	0.90251	0.88556	0.89903	225760	0	15
2010.01.10	0.89725	0.90272	0.88095	0.88433	236794	0	15
2010.01.17	0.88169	0.88324	0.86503	0.87713	266688	0	15
2010.01.24	0.87851	0.87931	0.86018	0.86689	264602	0	15
2010.01.31	0.86914	0.87684	0.86819	0.87426	248462	0	16
2010.02.07	0.87535	0.88407	0.86576	0.86793	248467	0	15
2010.02.14	0.86905	0.88021	0.86628	0.87959	222279	0	15
2010.02.21	0.88067	0.89723	0.87492	0.89447	238335	0	15
2010.02.28	0.89869	0.91373	0.89657	0.89984	246931	0	15
2010.03.07	0.90079	0.91329	0.89952	0.90528	179157	0	10
2010.03.14	0.90658	0.91291	0.89148	0.90103	198231	0	15
2010.03.21	0.90164	0.90444	0.88900	0.90004	214174	0	15
2010.03.28	0.90057	0.90166	0.88417	0.88773	183783	0	15
2010.04.04	0.88344	0.88588	0.87048	0.87801	178229	0	15
2010.04.11	0.88133	0.88637	0.87455	0.87861	210296	0	15
2010.04.18	0.88121	0.88425	0.86071	0.87008	211950	0	15
2010.04.25	0.86715	0.87324	0.86027	0.87039	245740	0	15
2010.05.02	0.87031	0.88064	0.84274	0.86117	289790	0	10
2010.05.09	0.87103	0.87491	0.84448	0.85007	324167	0	15
2010.05.16	0.85007	0.87722	0.84938	0.86919	399537	0	8
2010.05.23	0.86692	0.86710	0.84214	0.84868	264609	0	11
2010.05.30	0.85064	0.85225	0.82516	0.82770	263724	0	15
2010.06.06	0.82822	0.83354	0.82099	0.83217	295696	0	14
2010.06.13	0.83224	0.83812	0.82614	0.83557	267214	0	8
2010.06.20	0.83616	0.83782	0.81800	0.82130	208005	0	15
2010.06.27	0.82220	0.82982	0.80670	0.82626	213895	0	12
2010.07.04	0.82604	0.83966	0.82516	0.83915	189900	0	10
2010.07.11	0.83900	0.84601	0.83154	0.84486	283246	0	8
2010.07.18	0.84350	0.85309	0.83171	0.83678	212963	0	15
2010.07.25	0.83644	0.84150	0.83024	0.83152	205926	0	15
2010.08.01	0.83039	0.83367	0.82538	0.83274	177893	0	15
2010.08.08	0.83110	0.83616	0.81739	0.81766	200986	0	15
2010.08.15	0.81850	0.82816	0.81725	0.81808	203767	0	15
2010.08.22	0.81755	0.82355	0.81414	0.82160	207048	0	15
2010.08.29	0.82140	0.83490	0.81615	0.83433	159527	0	15
2010.09.05	0.83466	0.83893	0.82015	0.82554	157178	0	15
2010.09.12	0.82720	0.84024	0.82697	0.83461	191916	0	15
2010.09.19	0.83330	0.85766	0.83290	0.85238	149042	0	15
2010.09.26	0.85170	0.87173	0.84666	0.87162	204061	0	15
2010.10.03	0.87220	0.88042	0.86264	0.87280	202158	0	15
2010.10.10	0.87700	0.88383	0.86976	0.87402	184170	0	15
2010.10.17	0.87404	0.89068	0.87048	0.88942	241331	0	15
2010.10.24	0.89058	0.89406	0.86685	0.86912	264846	0	15
2010.10.31	0.87061	0.88169	0.86515	0.86684	294084	0	15
2010.11.07	0.86803	0.86905	0.84485	0.84968	326005	0	15
2010.11.14	0.84830	0.85688	0.84522	0.85539	330764	0	15
2010.11.21	0.85823	0.85948	0.84201	0.84886	359603	0	15
2010.11.28	0.85085	0.85249	0.83336	0.85031	389730	0	15
2010.12.05	0.84997	0.85095	0.83559	0.83657	349740	0	13
2010.12.12	0.83560	0.85517	0.83477	0.84905	323066	0	5
2010.12.19	0.84855	0.85251	0.84458	0.84951	286549	0	10
2010.12.26	0.84921	0.86461	0.84786	0.85738	273691	0	12
2011.01.02	0.85822	0.86449	0.82971	0.83000	357053	0	10
2011.01.09	0.82977	0.84977	0.82847	0.84343	377212	0	10
2011.01.16	0.84207	0.85272	0.83305	0.85100	369405	0	10
2011.01.23	0.85076	0.86713	0.84920	0.85802	372168	0	4
2011.01.30	0.85750	0.86184	0.84229	0.84300	327764	0	10
2011.02.06	0.84262	0.85279	0.83887	0.84618	218925	0	10
2011.02.13	0.84488	0.84494	0.83549	0.84216	263127	0	10
2011.02.20	0.84233	0.85925	0.83837	0.85295	313398	0	10
2011.02.27	0.85465	0.86062	0.84604	0.85942	286493	0	10
2011.03.06	0.85957	0.86550	0.85337	0.86438	287035	0	10
2011.03.13	0.86738	0.87607	0.86274	0.87320	375577	0	10
2011.03.20	0.87370	0.88107	0.86537	0.87807	288620	0	10
2011.03.27	0.87731	0.88521	0.87525	0.88329	283791	0	10
2011.04.03	0.88319	0.88426	0.87137	0.88381	289963	0	10
2011.04.10	0.88222	0.89229	0.87923	0.88354	311828	0	10
2011.04.17	0.88312	0.88780	0.87399	0.88173	290346	0	10
2011.04.24	0.88142	0.89364	0.88048	0.88589	293352	11602540000	8
2011.05.01	0.88699	0.90416	0.87446	0.87466	330410	0	10
2011.05.08	0.87706	0.88170	0.86722	0.87126	292062	0	10
2011.05.15	0.86992	0.88447	0.86810	0.87208	170658	0	8
2011.05.22	0.87101	0.87514	0.86102	0.86676	239182	0	8
2011.05.29	0.86772	0.89214	0.86551	0.89081	267299	0	10
2011.06.05	0.89046	0.89748	0.88284	0.88453	202288	0	10
2011.06.12	0.88236	0.88541	0.87208	0.88373	316190	0	10
2011.06.19	0.88300	0.89518	0.87899	0.88804	316498	0	10
2011.06.26	0.88872	0.90826	0.88575	0.90367	300031	0	10
2011.07.03	0.90480	0.90661	0.88650	0.88822	295447	0	10
2011.07.10	0.88686	0.88906	0.87446	0.87670	371422	0	10
2011.07.17	0.87589	0.88537	0.87047	0.88028	323158	0	7
2011.07.24	0.88158	0.88831	0.87331	0.87613	324295	25975440000	8
2011.07.31	0.87534	0.88048	0.86422	0.87080	380766	40155210000	7
2011.08.07	0.87272	0.88851	0.86627	0.87499	431349	0	7
2011.08.14	0.87546	0.88289	0.86533	0.87369	356482	0	6
2011.08.21	0.87208	0.88666	0.86958	0.88538	311131	0	4
2011.08.28	0.88679	0.88841	0.87460	0.87594	364515	218769062000	8
2011.09.04	0.87529	0.88416	0.85958	0.85985	360332	0	10
2011.09.11	0.85738	0.87890	0.85306	0.87383	397448	0	5
2011.09.18	0.87003	0.87944	0.86703	0.87278	421833	0	6
2011.09.25	0.87244	0.87454	0.85781	0.85874	410402	0	6
2011.10.02	0.85675	0.87269	0.85294	0.85948	418489	0	4
2011.10.09	0.86052	0.87863	0.86050	0.87700	361991	0	8
2011.10.16	0.87707	0.87963	0.86692	0.87028	369033	0	10
2011.10.23	0.86961	0.88292	0.86725	0.87748	371508	0	10
2011.10.30	0.87695	0.87827	0.85478	0.85988	405317	0	10
2011.11.06	0.86041	0.86075	0.84854	0.85681	349297	0	10
2011.11.13	0.85707	0.86020	0.85181	0.85548	355984	0	7
2011.11.20	0.85649	0.86642	0.85450	0.85678	317806	0	5
2011.11.27	0.85907	0.86160	0.85192	0.85846	320766	0	5
2011.12.04	0.85935	0.86119	0.84949	0.85374	293083	0	4
2011.12.11	0.85397	0.85524	0.83727	0.83882	279010	0	10
2011.12.18	0.83928	0.84162	0.83023	0.83660	282345	0	4
2011.12.25	0.83524	0.84209	0.83269	0.83276	216130	0	9
2012.01.01	0.83413	0.83715	0.82379	0.82430	250480	0	10
2012.01.08	0.82331	0.83752	0.82208	0.82735	292823	0	9
2012.01.15	0.82623	0.83770	0.82541	0.83016	279135	0	8
2012.01.22	0.82869	0.84067	0.82823	0.84029	285680	0	4
2012.01.29	0.84010	0.84049	0.82745	0.83126	310932	0	4
2012.02.05	0.82935	0.84051	0.82640	0.83746	290380	0	5
2012.02.12	0.83816	0.84013	0.82767	0.82987	293535	0	10
2012.02.19	0.83202	0.85043	0.83149	0.84717	272422	0	5
2012.02.26	0.84701	0.84885	0.83134	0.83336	277262	0	10
2012.03.04	0.83333	0.83977	0.83177	0.83711	249503	0	4
2012.03.11	0.83704	0.84214	0.82931	0.83130	243233	0	10
2012.03.18	0.83173	0.83709	0.82829	0.83602	237821	0	10
2012.03.25	0.83576	0.83946	0.83235	0.83251	257460	0	5
2012.04.01	0.83414	0.83578	0.82341	0.82413	270548	0	5
2012.04.08	0.82375	0.82760	0.82264	0.82493	278039	0	4
2012.04.15	0.82409	0.82677	0.81615	0.81952	290811	0	5
2012.04.22	0.81784	0.82211	0.81336	0.81469	276073	0	5
2012.04.29	0.81349	0.81974	0.80943	0.81000	245978	0	5
2012.05.06	0.80626	0.80788	0.79959	0.80358	285552	0	5
2012.05.13	0.80203	0.80798	0.79496	0.80773	275736	0	5
2012.05.20	0.80798	0.81014	0.79795	0.79877	294807	0	5
2012.05.27	0.80160	0.80937	0.79709	0.80904	291421	0	5
2012.06.03	0.80886	0.81394	0.80501	0.80891	299015	0	5
2012.06.10	0.81471	0.81525	0.80117	0.80406	296722	0	5
2012.06.17	0.80915	0.81094	0.80221	0.80614	295460	0	5
2012.06.24	0.80532	0.80935	0.79839	0.80610	290450	0	5
2012.07.01	0.80717	0.80765	0.79242	0.79312	281572	0	5
2012.07.08	0.79244	0.79477	0.78555	0.78629	264410	0	5
2012.07.15	0.78604	0.78748	0.77707	0.77791	269946	0	5
2012.07.22	0.77657	0.78726	0.77622	0.78218	305163	0	5
2012.07.29	0.78172	0.79230	0.77901	0.79156	288741	0	5
2012.08.05	0.79250	0.79623	0.78279	0.78318	261976	0	5
2012.08.12	0.78361	0.78837	0.78122	0.78558	237226	0	5
2012.08.19	0.78594	0.79327	0.78329	0.79115	245171	0	5
2012.08.26	0.79093	0.79559	0.79010	0.79291	213305	0	5
2012.09.02	0.79203	0.80063	0.78870	0.80044	241041	0	5
2012.09.09	0.79968	0.81143	0.79669	0.80934	264677	0	5
2012.09.16	0.80854	0.81012	0.79745	0.79964	253614	0	5
2012.09.23	0.79889	0.79950	0.79229	0.79535	263091	0	5
2012.09.30	0.79529	0.80792	0.79411	0.80765	245138	0	5
2012.10.07	0.80695	0.80982	0.80214	0.80556	231271	0	5
2012.10.14	0.80560	0.81464	0.80388	0.81322	233579	0	5
2012.10.21	0.81338	0.81642	0.80010	0.80345	224060	0	5
2012.10.28	0.80338	0.80749	0.79956	0.80079	269991	0	3
2012.11.04	0.80017	0.80296	0.79596	0.79919	417969	0	5
2012.11.11	0.79948	0.80644	0.79690	0.80205	393309	0	5
2012.11.18	0.80165	0.81081	0.80047	0.80874	391000	0	5
2012.11.25	0.80946	0.81318	0.80588	0.81081	384642	0	5
2012.12.02	0.81087	0.81471	0.80448	0.80575	369104	0	4
2012.12.09	0.80440	0.81444	0.80344	0.81356	377157	0	4
2012.12.16	0.81475	0.81677	0.81106	0.81509	401125	0	4
2012.12.23	0.81540	0.82248	0.81471	0.81741	251552	0	4
2012.12.30	0.81738	0.81855	0.80846	0.81297	338437	0	5
2013.01.06	0.81338	0.82858	0.81043	0.82699	461209	0	5
2013.01.13	0.82852	0.83961	0.82643	0.83906	488056	0	5
2013.01.20	0.83957	0.85361	0.83632	0.85168	453630	0	5
2013.01.27	0.85307	0.87158	0.85259	0.86897	475559	0	5
2013.02.03	0.86899	0.86923	0.84458	0.84516	487460	0	5
2013.02.10	0.84663	0.86831	0.84558	0.86063	462706	0	3
2013.02.17	0.86119	0.87640	0.85999	0.86974	453296	0	3
2013.02.24	0.87310	0.88146	0.85748	0.86560	546953	0	3
2013.03.03	0.86573	0.87419	0.85888	0.87093	130624	0	2
2013.03.10	0.87121	0.87934	0.86020	0.86492	196378	0	1
2013.03.17	0.85406	0.86008	0.84842	0.85255	250409	0	1
2013.03.24	0.85140	0.85608	0.84154	0.84269	214987	0	1
2013.03.31	0.84287	0.85209	0.84102	0.84706	205121	0	1
2013.04.07	0.84736	0.85599	0.84626	0.85427	223636	0	1
2013.04.14	0.85403	0.86363	0.85031	0.85667	258731	0	4
2013.04.21	0.85787	0.85895	0.83973	0.84171	252411	0	3
2013.04.28	0.84329	0.84971	0.84039	0.84185	209836	0	1
2013.05.05	0.84242	0.84884	0.84003	0.84531	202376	0	1
2013.05.12	0.84501	0.85164	0.84208	0.84611	251998	0	1
2013.05.19	0.84542	0.85972	0.84398	0.85471	283535	0	1
2013.05.26	0.85490	0.85981	0.85282	0.85485	311636	0	3
2013.06.02	0.85472	0.85586	0.84765	0.84918	352758	0	3
2013.06.09	0.84932	0.85506	0.84688	0.84940	350412	0	3
2013.06.16	0.84950	0.85903	0.84756	0.85070	319638	0	3
2013.06.23	0.85125	0.85899	0.84688	0.85486	325428	0	3
2013.06.30	0.85568	0.86327	0.84816	0.86130	272415	0	3
2013.07.07	0.86164	0.86937	0.85749	0.86457	303025	0	3
2013.07.14	0.86464	0.87107	0.85897	0.86018	262991	0	1
2013.07.21	0.86053	0.86437	0.85818	0.86293	240557	0	1
2013.07.28	0.86307	0.87692	0.86212	0.86811	260544	0	1
2013.08.04	0.86890	0.87308	0.85784	0.86052	243988	0	1
2013.08.11	0.86004	0.86096	0.85047	0.85250	235578	0	1
2013.08.18	0.85301	0.86031	0.85094	0.85932	227100	0	1
2013.08.25	0.85902	0.86519	0.85192	0.85209	208592	0	1
2013.09.01	0.85120	0.85203	0.83921	0.84283	189947	0	1
2013.09.08	0.84268	0.84532	0.83564	0.83710	173710	0	1
2013.09.15	0.83841	0.84596	0.83523	0.84453	192893	0	1
2013.09.22	0.84575	0.84588	0.83619	0.83776	172221	0	1
2013.09.29	0.83531	0.84754	0.83325	0.84662	200644	0	1
2013.10.06	0.84627	0.85091	0.84247	0.84800	167212	0	1
2013.10.13	0.84885	0.84959	0.84301	0.84629	176993	0	1
2013.10.20	0.84594	0.85549	0.84504	0.85366	175366	0	1
2013.10.27	0.85371	0.85847	0.84445	0.84660	202762	0	1
2013.11.03	0.84700	0.84767	0.83001	0.83405	194714	0	1
2013.11.10	0.83438	0.84632	0.83387	0.83715	208640	0	1
2013.11.17	0.83691	0.84145	0.83164	0.83533	211177	0	1
2013.11.24	0.83470	0.83909	0.82970	0.82997	181209	0	1
2013.12.01	0.82969	0.83886	0.82524	0.83813	219447	0	1
2013.12.08	0.83864	0.84402	0.83503	0.84265	184149	0	1
2013.12.15	0.84229	0.84663	0.83302	0.83630	195380	0	1
2013.12.22	0.83733	0.83918	0.83290	0.83380	106138	0	1
2013.12.29	0.83452	0.83728	0.82698	0.82740	156376	0	1
2014.01.05	0.82846	0.83313	0.82303	0.82877	195954	0	1
2014.01.12	0.82885	0.83485	0.82338	0.82426	194264	0	1
2014.01.19	0.82426	0.83003	0.81680	0.82949	191549	0	1
2014.01.26	0.83015	0.83058	0.81881	0.81992	205546	0	1
2014.02.02	0.82072	0.83496	0.82022	0.83070	235129	0	1
2014.02.09	0.83014	0.83365	0.81742	0.81748	192823	0	1
2014.02.16	0.81752	0.82678	0.81574	0.82678	187110	0	1
2014.02.23	0.82597	0.82860	0.81906	0.82427	194117	0	1
2014.03.02	0.82320	0.83007	0.82036	0.82993	194096	0	0
2014.03.09	0.82975	0.83804	0.82915	0.83562	322134	0	0
2014.03.16	0.83594	0.83998	0.83283	0.83642	306959	0	0
2014.03.23	0.83650	0.83929	0.82457	0.82635	326955	0	0
2014.03.30	0.82623	0.83141	0.82494	0.82641	307026	0	0
2014.04.06	0.82662	0.83096	0.82309	0.82977	240377	0	1
2014.04.13	0.82777	0.82839	0.82145	0.82214	177418	0	1
2014.04.20	0.82230	0.82459	0.81977	0.82322	161544	0	1
2014.04.27	0.82341	0.82587	0.81961	0.82192	206094	0	1
2014.05.04	0.82199	0.82482	0.81605	0.81624	217010	0	1
2014.05.11	0.81654	0.81833	0.81265	0.81432	199254	0	1
2014.05.18	0.81419	0.81579	0.80815	0.80950	224587	0	1
2014.05.25	0.80929	0.81520	0.80847	0.81365	136295	0	0
2014.06.01	0.81325	0.81495	0.80644	0.81174	196057	0	1
2014.06.08	0.81176	0.81222	0.79719	0.79794	182981	0	1
2014.06.15	0.79746	0.80248	0.79588	0.79921	186694	0	1
2014.06.22	0.79868	0.80335	0.79766	0.80073	169802	0	1
2014.06.29	0.80095	0.80271	0.79190	0.79215	203162	0	2
2014.07.06	0.79194	0.79683	0.79146	0.79441	215095	0	1
2014.07.13	0.79464	0.79805	0.78884	0.79163	197185	0	1
2014.07.20	0.79182	0.79391	0.78737	0.79084	202235	0	1
2014.07.27	0.79104	0.79846	0.79039	0.79819	191684	0	1
2014.08.03	0.79801	0.79971	0.79156	0.79946	208584	0	8
2014.08.10	0.79923	0.80356	0.79191	0.80229	186632	0	8
2014.08.17	0.80106	0.80272	0.79693	0.79930	184458	0	2
2014.08.24	0.79722	0.79785	0.79091	0.79112	235747	0	3
2014.08.31	0.79136	0.79961	0.78911	0.79315	235012	0	1
2014.09.07	0.80007	0.80657	0.79404	0.79650	302250	0	1
2014.09.14	0.79697	0.80094	0.78097	0.78746	352817	0	1
2014.09.21	0.78733	0.78895	0.77853	0.78029	349508	0	1
2014.09.28	0.78083	0.78608	0.77663	0.78352	329144	0	1
2014.10.05	0.78354	0.78998	0.78287	0.78542	346321	0	1
2014.10.12	0.78582	0.80465	0.78528	0.79277	404411	0	1
2014.10.19	0.79237	0.79413	0.78702	0.78725	328512	0	6
2014.10.26	0.78755	0.79111	0.78226	0.78262	347842	0	1
2014.11.02	0.78293	0.78632	0.77975	0.78462	375256	0	1
2014.11.09	0.78467	0.80000	0.78007	0.79887	365443	0	1
2014.11.16	0.79903	0.80385	0.79057	0.79116	314159	0	1
2014.11.23	0.79035	0.79698	0.78966	0.79552	280063	32707500000	1
2014.11.30	0.79617	0.79762	0.78319	0.78833	270018	0	1
2014.12.07	0.78811	0.79540	0.78445	0.79241	336563	412602063000	1
2014.12.14	0.79226	0.80064	0.78089	0.78089	342485	415675438000	0
2014.12.21	0.78192	0.78677	0.78185	0.78233	565867	749312783000	0
2014.12.28	0.78242	0.78531	0.77444	0.78284	229356	214685028000	0
2015.01.04	0.78090	0.78738	0.77839	0.78089	400091	0	5
2015.01.11	0.78047	0.78298	0.75947	0.76314	453554	0	4
2015.01.18	0.76342	0.77124	0.74281	0.74717	230049	0	7
2015.01.25	0.74346	0.75356	0.74038	0.74919	240577	9881735000	1
2015.02.01	0.74904	0.75916	0.74167	0.74219	362208	0	4
2015.02.08	0.74170	0.74585	0.73713	0.73893	339718	0	7
2015.02.15	0.73872	0.74432	0.73397	0.73879	356096	0	1
2015.02.22	0.73986	0.74050	0.72457	0.72492	334606	0	7
2015.03.01	0.72460	0.73012	0.71823	0.72067	327557	0	7
2015.03.08	0.72009	0.72194	0.70138	0.71111	388543	0	7
2015.03.15	0.71140	0.72908	0.71027	0.72324	406052	0	1
2015.03.22	0.72566	0.73842	0.72273	0.73112	402917	0	7
2015.03.29	0.73106	0.73786	0.72219	0.73537	323578	0	7
2015.04.05	0.73537	0.73778	0.72235	0.72459	334522	0	4
2015.04.12	0.72459	0.72697	0.71633	0.72236	416639	0	4
2015.04.19	0.72236	0.72316	0.71166	0.71566	506887	0	4
2015.04.26	0.71586	0.74195	0.71315	0.73898	602424	0	6
2015.05.03	0.73869	0.74826	0.72247	0.72569	188306	0	2
2015.05.10	0.72488	0.72820	0.71224	0.72767	386946	0	7
2015.05.17	0.72696	0.72827	0.70885	0.71055	475774	0	5
2015.05.24	0.71098	0.72006	0.70545	0.71889	455629	0	8
2015.05.31	0.71776	0.73852	0.71448	0.72777	511288	0	3
2015.06.07	0.72698	0.73886	0.71961	0.72368	585342	0	7
2015.06.14	0.72083	0.72499	0.71246	0.71459	561317	0	7
2015.06.21	0.71617	0.72105	0.70739	0.70929	554067	0	7
2015.06.28	0.70082	0.71667	0.69863	0.71295	628454	0	4
2015.07.05	0.70617	0.72231	0.70525	0.71849	671704	0	4
2015.07.12	0.71491	0.72011	0.69355	0.69370	620545	0	5
2015.07.19	0.69388	0.71017	0.69361	0.70744	743586	348457371000	5
2015.07.26	0.70752	0.71602	0.69846	0.70294	700214	968147479000	1
2015.08.02	0.70198	0.70952	0.69505	0.70744	688107	899684867000	1
2015.08.09	0.70680	0.71698	0.70385	0.70989	582089	644922931000	5
2015.08.16	0.70938	0.72591	0.70260	0.72515	656654	824945122000	0
2015.08.23	0.72476	0.74217	0.72438	0.72626	996560	1059103222000	0
2015.08.30	0.72430	0.73945	0.72388	0.73448	692829	820685834000	7
2015.09.06	0.73446	0.73567	0.72399	0.73475	627541	765235188000	7
2015.09.13	0.73382	0.73590	0.72621	0.72733	584726	708646183000	7
2015.09.20	0.72608	0.74109	0.71962	0.73759	623828	779738098000	7
2015.09.27	0.73638	0.74422	0.73355	0.73819	675507	808299434000	4
2015.10.04	0.73761	0.74296	0.73319	0.74117	635542	804390807000	7
2015.10.11	0.74162	0.74926	0.73383	0.73481	568038	734570833000	0
2015.10.18	0.73502	0.73730	0.71683	0.71929	554328	728735968000	7
2015.10.25	0.71893	0.72496	0.71231	0.71312	556532	667007761000	0
2015.11.01	0.71372	0.71967	0.70415	0.71334	561415	679066953000	0
2015.11.08	0.71239	0.71538	0.70402	0.70640	630443	754612999000	0
2015.11.15	0.70474	0.70788	0.69820	0.70046	594702	702547230000	0
2015.11.22	0.70029	0.70795	0.69916	0.70412	609581	744902594000	0
2015.11.29	0.70390	0.72506	0.70065	0.71952	715462	879111262000	0
2015.12.06	0.71877	0.72790	0.71635	0.72146	657869	776000768000	7
2015.12.13	0.72098	0.73056	0.72064	0.72885	669669	770589447000	0
2015.12.20	0.72765	0.74159	0.72747	0.73310	334565	352963968000	0
2015.12.27	0.73336	0.74082	0.73153	0.73717	296199	314118244000	0
2016.01.03	0.73738	0.75248	0.73119	0.75202	719451	768289733000	0
2016.01.10	0.75101	0.76943	0.74423	0.76534	758562	929290144000	0
2016.01.17	0.76564	0.77554	0.75254	0.75667	798109	1262376768000	0
2016.01.24	0.75586	0.76657	0.75496	0.76016	815660	1101685549000	0
2016.01.31	0.75976	0.77161	0.75258	0.76912	828672	997543354000	7
2016.02.07	0.76861	0.78973	0.76608	0.77519	947179	1270733781000	0
2016.02.14	0.77421	0.78448	0.76954	0.77234	763816	971315985000	0
2016.02.21	0.77825	0.79284	0.77667	0.78754	839145	1021800724000	0
2016.02.28	0.78730	0.78972	0.76908	0.77311	796890	1050166017000	0
2016.03.06	0.77255	0.78474	0.76524	0.77479	682322	778628400000	0
2016.03.13	0.77524	0.79109	0.77353	0.77783	653409	769985070000	0
2016.03.20	0.77918	0.79463	0.77904	0.78904	479568	586261062000	0
2016.03.27	0.78950	0.80195	0.78300	0.80051	615386	765927681000	0
2016.04.03	0.80064	0.81167	0.79596	0.80554	652759	832371043000	0
2016.04.10	0.80843	0.80892	0.79250	0.79412	607648	719643557000	0
2016.04.17	0.79532	0.79932	0.77753	0.77753	589345	706310335000	0
2016.04.24	0.77524	0.78423	0.77306	0.78359	606482	741041142000	0
2016.05.01	0.78523	0.79469	0.78210	0.78996	609487	744182382000	0
2016.05.08	0.79026	0.79274	0.78198	0.78714	574984	745459412000	0
2016.05.15	0.78779	0.78935	0.76487	0.77165	586816	748173272000	0
2016.05.22	0.77167	0.77536	0.75646	0.75995	575037	732948747000	0
2016.05.29	0.76020	0.78335	0.75723	0.78280	630389	818312837000	0
2016.06.05	0.78464	0.79312	0.77514	0.78866	650297	814144327000	0
2016.06.12	0.78793	0.79943	0.78392	0.78392	765403	958552536000	0
2016.06.19	0.78288	0.83144	0.75987	0.81012	867711	1037080986000	0
2016.06.26	0.81965	0.84055	0.81765	0.83896	914052	1084248426000	0
2016.07.03	0.83905	0.86265	0.83523	0.85095	739499	884118049000	0
2016.07.10	0.85223	0.85786	0.82478	0.83466	821303	1056416342000	0
2016.07.17	0.83718	0.84266	0.82996	0.83675	681429	968300021000	0
2016.07.24	0.83464	0.84777	0.83369	0.84480	650469	785539887000	0
2016.07.31	0.84200	0.85045	0.83434	0.84823	605428	634902878000	0
2016.08.07	0.84682	0.86523	0.84681	0.86399	513024	564354756000	0
2016.08.14	0.86300	0.87246	0.85908	0.86572	566004	631911292000	0
2016.08.21	0.86572	0.86617	0.84844	0.85168	545785	601843684000	0
2016.08.28	0.85214	0.85518	0.83752	0.83870	561701	555460827000	0
2016.09.04	0.83798	0.84947	0.83329	0.84528	571517	580099998000	0
2016.09.11	0.84641	0.85814	0.84196	0.85784	606650	609990766000	0
2016.09.18	0.85713	0.86789	0.85347	0.86443	537736	581804085000	0
2016.09.25	0.86578	0.87161	0.85890	0.86585	551036	532687401000	0
2016.10.02	0.86847	0.93050	0.86766	0.90017	694223	651842342000	0
2016.10.09	0.90093	0.91409	0.89662	0.89999	731213	691955746000	0
2016.10.16	0.90045	0.90574	0.88801	0.88825	590117	491314398000	0
2016.10.23	0.88978	0.90179	0.88821	0.89644	634333	494978621000	0
2016.10.30	0.90118	0.90485	0.88568	0.88799	682950	532849765000	0
2016.11.06	0.88727	0.90251	0.85667	0.85968	901765	759296636000	0
2016.11.13	0.86106	0.87069	0.85260	0.85713	900021	782802446000	0
2016.11.20	0.85704	0.86382	0.84597	0.84793	744101	641054565000	0
2016.11.27	0.84976	0.85779	0.83688	0.83739	749829	592932541000	0
2016.12.04	0.83626	0.85716	0.83040	0.83753	708498	548700506000	0
2016.12.11	0.83683	0.84282	0.83310	0.83491	790658	599206077000	0
2016.12.18	0.83543	0.85388	0.83542	0.84909	668185	568557381000	0
2016.12.25	0.85140	0.86654	0.84050	0.85137	568574	517840745000	0
2017.01.01	0.85185	0.85892	0.84497	0.85586	765138	656981093000	0
2017.01.08	0.85923	0.87676	0.85826	0.86916	898978	711660015000	0
2017.01.15	0.88201	0.88519	0.86091	0.86363	943264	765511594000	0
2017.01.22	0.86433	0.86629	0.84695	0.85189	918760	867429769000	0
2017.01.29	0.85145	0.86415	0.84799	0.86191	905909	874727917000	0
2017.02.05	0.86365	0.86435	0.84875	0.84875	821642	822296582000	0
2017.02.12	0.85008	0.85914	0.84554	0.85382	813179	838307397000	0
2017.02.19	0.85465	0.85547	0.84022	0.84623	773399	805076009000	0
2017.02.26	0.84638	0.86407	0.84638	0.86066	875254	870708574000	0
2017.03.05	0.86262	0.87827	0.86243	0.87660	836501	808688677000	0
2017.03.12	0.87774	0.87871	0.86596	0.86636	872804	830520543000	0
2017.03.19	0.86673	0.87266	0.86047	0.86523	803358	797962955000	0
2017.03.26	0.86677	0.87351	0.84726	0.84726	752607	785643586000	0
2017.04.02	0.84948	0.85903	0.84879	0.85478	681175	710676289000	0
2017.04.09	0.85443	0.85534	0.84662	0.84675	592746	622992684000	0
2017.04.16	0.84611	0.85119	0.83124	0.83675	629489	664579609000	0
2017.04.23	0.84958	0.85304	0.84047	0.84074	725572	738654034000	0
2017.04.30	0.84295	0.85084	0.84113	0.84653	612632	629406535000	0
2017.05.07	0.84849	0.84883	0.83833	0.84605	667746	684623808000	0
2017.05.14	0.84746	0.86147	0.84575	0.85927	740152	764772542000	0
2017.05.21	0.86131	0.87503	0.85926	0.87204	682665	664765669000	0
2017.05.28	0.87166	0.87671	0.86554	0.87470	612139	521435939000	0
2017.06.04	0.87591	0.88590	0.86514	0.87740	613634	0	7
2017.06.11	0.88107	0.88660	0.87189	0.87589	580180	0	7
2017.06.18	0.87769	0.88452	0.87337	0.87926	482063	0	7
2017.06.25	0.87891	0.88797	0.87630	0.87671	541638	0	7
2017.07.02	0.87772	0.88602	0.87562	0.88475	488662	0	7
2017.07.09	0.88433	0.89489	0.87425	0.87501	523220	0	7
2017.07.16	0.87556	0.89945	0.87442	0.89722	578751	0	7
2017.07.23	0.89725	0.89837	0.88907	0.89405	609713	0	7
2017.07.30	0.89414	0.90541	0.89221	0.90213	570320	0	7
2017.08.06	0.90242	0.91185	0.90072	0.90848	563067	0	7
2017.08.13	0.90851	0.91489	0.90504	0.91223	585359	0	7
2017.08.20	0.91401	0.92694	0.91106	0.92509	513059	0	7
2017.08.27	0.92438	0.93060	0.91495	0.91552	609943	0	7
2017.09.03	0.91701	0.92258	0.91090	0.91122	650136	0	7
2017.09.10	0.91088	0.91215	0.87739	0.87889	657351	1996486000	0
2017.09.17	0.87847	0.88990	0.87785	0.88429	713355	0	0
2017.09.24	0.88194	0.88417	0.87460	0.88153	667909	0	0
2017.10.01	0.88186	0.89922	0.88011	0.89710	508163	0	0
2017.10.08	0.89530	0.90329	0.88759	0.88937	479293	0	0
2017.10.15	0.88779	0.90223	0.88557	0.89292	480938	0	0
2017.10.22	0.89215	0.89754	0.88257	0.88356	479097	0	0
2017.10.29	0.88364	0.89385	0.87328	0.88745	437217	0	0
2017.11.05	0.88844	0.88883	0.87914	0.88418	404202	0	0
2017.11.12	0.88515	0.90143	0.88444	0.89149	447870	0	0
2017.11.19	0.89119	0.89619	0.88418	0.89420	386850	0	0
2017.11.26	0.89473	0.89816	0.87763	0.88230	504046	0	0
2017.12.03	0.88201	0.88676	0.86893	0.87923	558907	0	0
2017.12.10	0.87856	0.88596	0.87605	0.88231	535037	0	0
2017.12.17	0.88231	0.88901	0.87923	0.88762	600610	0	0
2017.12.24	0.88759	0.88940	0.88535	0.88791	340698	0	2
2017.12.31	0.88816	0.89243	0.88480	0.88682	426749	0	2
2018.01.07	0.88671	0.89275	0.88088	0.88911	637680	0	1
2018.01.14	0.88817	0.89100	0.88015	0.88261	780568	0	1
2018.01.21	0.88301	0.88337	0.86869	0.87802	929951	0	0
2018.01.28	0.87885	0.88330	0.87162	0.88221	857745	0	1
2018.02.04	0.88150	0.89107	0.87321	0.88619	1019561	0	1
2018.02.11	0.88565	0.89196	0.88406	0.88415	684264	0	1
2018.02.18	0.88459	0.88697	0.87863	0.88010	649630	0	1
2018.02.25	0.87878	0.89513	0.87716	0.89236	738210	0	1
2018.03.04	0.89323	0.89677	0.88745	0.88853	719977	0	1
2018.03.11	0.88870	0.88965	0.88093	0.88178	438105	0	1
2018.03.18	0.88121	0.88161	0.86683	0.87410	609154	0	1
2018.03.25	0.87364	0.87973	0.87167	0.87856	638805	0	1
2018.04.01	0.87755	0.87821	0.87010	0.87167	366200	0	1
2018.04.08	0.87169	0.87395	0.86277	0.86616	265951	0	1
2018.04.15	0.86495	0.87916	0.86206	0.87738	285801	0	1
2018.04.22	0.87604	0.88035	0.86805	0.88016	304449	0	1
2018.04.29	0.88028	0.88422	0.87608	0.88418	367516	0	1
2018.05.06	0.88337	0.88404	0.87274	0.88185	382429	0	1
2018.05.13	0.88098	0.88269	0.87126	0.87382	377159	0	1
2018.05.20	0.87395	0.87967	0.87254	0.87615	422421	0	1
2018.05.27	0.87702	0.88090	0.86975	0.87340	515298	0	1
2018.06.03	0.87334	0.88375	0.87233	0.87758	432346	0	1
2018.06.10	0.87732	0.88318	0.87177	0.87380	403881	0	1
2018.06.17	0.87313	0.88051	0.87251	0.87876	450934	0	1
2018.06.24	0.87973	0.88905	0.87806	0.88450	485159	0	1
2018.07.01	0.88517	0.88688	0.87987	0.88382	408758	0	1
2018.07.08	0.88119	0.89007	0.88116	0.88280	438858	0	1
2018.07.15	0.88323	0.89578	0.88161	0.89251	462923	0	0
2018.07.22	0.89329	0.89359	0.88645	0.88949	364660	0	5
2018.07.29	0.88848	0.89355	0.88545	0.88961	332324	0	4
2018.08.05	0.88843	0.90300	0.88813	0.89359	314089	0	7
2018.08.12	0.89202	0.89774	0.88959	0.89708	390715	0	3
2018.08.19	0.89618	0.90518	0.89390	0.90457	331893	0	3
2018.08.26	0.90415	0.90980	0.89374	0.89516	352386	0	5
2018.09.02	0.89705	0.90516	0.89126	0.89409	375135	0	3
2018.09.09	0.89318	0.89570	0.88757	0.88912	358085	0	5
2018.09.16	0.88896	0.89953	0.88473	0.89798	403137	0	7
2018.09.23	0.89739	0.89882	0.88724	0.89036	379521	0	4
2018.09.30	0.89014	0.89174	0.87764	0.87836	404559	0	7
2018.10.07	0.87744	0.88067	0.87228	0.87864	437330	0	5
2018.10.14	0.88155	0.88325	0.87520	0.88102	389904	0	6
2018.10.21	0.88081	0.88960	0.87979	0.88875	443725	0	3
2018.10.28	0.88849	0.89390	0.87564	0.87800	422810	0	4
2018.11.04	0.87403	0.87716	0.86898	0.87362	423069	0	6
2018.11.11	0.87617	0.89041	0.86556	0.88945	549189	0	4
2018.11.18	0.88865	0.89320	0.88357	0.88370	328352	0	7
2018.11.25	0.88382	0.89244	0.88098	0.88707	386693	0	4
2018.12.02	0.88984	0.89673	0.88627	0.89483	445048	0	4
2018.12.09	0.89635	0.90870	0.89516	0.89841	475773	0	3
2018.12.16	0.89656	0.90542	0.89623	0.89903	511191	0	4
2018.12.23	0.89950	0.90606	0.89616	0.90069	319152	0	3
2018.12.30	0.90035	0.91025	0.89267	0.89536	374059	0	4
2019.01.06	0.89530	0.90614	0.89218	0.89274	413368	0	3
2019.01.13	0.89095	0.89845	0.87567	0.88312	459721	0	6
2019.01.20	0.88169	0.88619	0.86166	0.86404	393631	0	6
2019.01.27	0.86441	0.87927	0.86349	0.87519	406778	0	5
2019.02.03	0.87525	0.88213	0.87256	0.87468	321348	0	4
2019.02.10	0.87446	0.88396	0.87428	0.87580	322972	0	5
2019.02.17	0.87437	0.87673	0.86656	0.86774	333325	0	7
2019.02.24	0.86711	0.86992	0.85286	0.86001	395299	0	6
2019.03.03	0.85815	0.86540	0.85356	0.86273	335738	0	1
2019.03.10	0.86503	0.86754	0.84719	0.85155	418264	0	4
2019.03.17	0.85143	0.87226	0.85103	0.85532	384136	0	4
2019.03.24	0.85485	0.86489	0.84830	0.86056	401703	0	4
2019.03.31	0.86040	0.86365	0.85021	0.86022	327156	0	7
2019.04.07	0.85946	0.86566	0.85899	0.86438	266464	0	3
2019.04.14	0.86330	0.86808	0.86179	0.86516	305352	0	3
2019.04.21	0.86516	0.86814	0.86215	0.86262	229529	0	4
2019.04.28	0.86229	0.86496	0.84967	0.85024	259223	0	4
2019.05.05	0.84924	0.86481	0.84876	0.86382	275281	0	5
2019.05.12	0.86311	0.87784	0.86239	0.87721	240601	0	4
2019.05.19	0.87537	0.88498	0.87239	0.88135	259382	0	5
2019.05.26	0.88057	0.88742	0.87897	0.88396	243704	0	5
2019.06.02	0.88367	0.89015	0.88244	0.88931	326020	0	4
2019.06.09	0.88729	0.89321	0.88711	0.89022	316059	0	5
2019.06.16	0.89035	0.89742	0.88721	0.89201	347833	0	6
2019.06.23	0.89250	0.89914	0.89152	0.89513	322680	0	7
2019.06.30	0.89505	0.89895	0.89204	0.89569	272927	0	2
2019.07.07	0.89564	0.90101	0.89539	0.89596	259183	0	1
2019.07.14	0.89524	0.90510	0.89524	0.89708	252051	0	1
2019.07.21	0.89724	0.90051	0.88911	0.89844	196869	0	1
2019.07.28	0.89880	0.91899	0.89835	0.91299	354743	0	1
2019.08.04	0.91225	0.93173	0.91225	0.93094	439143	0	1
2019.08.11	0.92807	0.93242	0.90902	0.91291	444345	0	1
2019.08.18	0.91146	0.91838	0.90283	0.90607	592105	0	1
2019.08.25	0.90761	0.91234	0.90156	0.90295	581946	0	0
2019.09.01	0.90304	0.91482	0.89394	0.89676	588835	0	0
2019.09.08	0.89793	0.90144	0.88539	0.88554	413885	0	0
2019.09.15	0.88547	0.89018	0.87859	0.88324	345219	0	0
2019.09.22	0.88327	0.89044	0.88030	0.89015	306085	0	0
2019.09.29	0.88907	0.89368	0.88314	0.88992	326265	0	0
2019.10.06	0.89067	0.90191	0.86948	0.87196	355444	0	0
2019.10.13	0.87242	0.88110	0.85748	0.86065	449387	0	0
2019.10.20	0.86162	0.86761	0.85761	0.86288	382274	0	0
2019.10.27	0.86360	0.86518	0.85950	0.86259	304006	0	0
2019.11.03	0.86352	0.86574	0.85848	0.86224	233433	0	1
2019.11.10	0.86226	0.86226	0.85450	0.85630	185307	0	1
2019.11.17	0.85476	0.86050	0.85212	0.85817	190307	0	1
2019.11.24	0.85690	0.85843	0.84992	0.85116	190259	0	1
2019.12.01	0.85349	0.85747	0.84109	0.84182	199116	0	1
2019.12.08	0.84161	0.85085	0.82764	0.83355	265357	0	1
2019.12.15	0.83366	0.85564	0.83018	0.85162	259541	0	1
2019.12.22	0.85100	0.85915	0.84718	0.85399	146842	0	1
2019.12.29	0.85282	0.85563	0.84540	0.85314	170536	0	1
2020.01.05	0.85283	0.85449	0.84549	0.85120	177680	0	1
2020.01.12	0.85253	0.85957	0.84877	0.85226	165443	0	1
2020.01.19	0.85303	0.85532	0.83875	0.84345	172559	0	1
2020.01.26	0.84317	0.84872	0.83871	0.83980	166529	0	1
2020.02.02	0.84165	0.85377	0.84067	0.84934	186511	0	1
2020.02.09	0.84854	0.85043	0.82954	0.83000	195720	0	1
2020.02.16	0.83091	0.84154	0.82821	0.83713	179420	0	1
2020.02.23	0.83581	0.86414	0.83383	0.86006	290526	0	1
2020.03.01	0.86186	0.87443	0.85943	0.86540	336311	0	1
2020.03.08	0.86711	0.90464	0.86562	0.90301	505052	0	1
2020.03.15	0.90441	0.95001	0.89828	0.92163	622733	0	1
2020.03.22	0.91607	0.93873	0.89042	0.89302	396455	0	1
2020.03.29	0.89259	0.89877	0.87393	0.88110	257196	0	1
2020.04.05	0.88268	0.88641	0.87250	0.87687	207441	0	1
2020.04.12	0.87772	0.87788	0.86819	0.86931	199435	0	1
2020.04.19	0.86857	0.88630	0.86839	0.87523	200205	0	1
2020.04.26	0.87431	0.87962	0.86707	0.87886	192669	0	1
2020.05.03	0.87808	0.88140	0.86902	0.87340	191247	0	1
2020.05.10	0.87218	0.89400	0.87209	0.89387	212259	0	1
2020.05.17	0.89362	0.90001	0.88941	0.89598	190018	0	1
2020.05.24	0.89457	0.90544	0.88812	0.89928	211260	0	1
2020.05.31	0.90153	0.90153	0.88663	0.89095	239142	0	1
2020.06.07	0.89068	0.90143	0.88641	0.89730	241007	0	1
2020.06.14	0.89759	0.90725	0.89120	0.90496	246538	0	1
2020.06.21	0.90481	0.91002	0.90011	0.90927	216301	0	1
2020.06.28	0.90892	0.91757	0.89997	0.90066	183411	0	1
2020.07.05	0.90113	0.90675	0.89379	0.89506	180314	0	1
2020.07.12	0.89480	0.91347	0.89440	0.90908	178609	0	1
2020.07.19	0.90866	0.91380	0.90011	0.91077	206562	0	1
2020.07.26	0.90988	0.91481	0.89806	0.89985	218679	0	1
2020.08.02	0.89986	0.90586	0.89822	0.90285	198152	0	1
2020.08.09	0.90211	0.90531	0.89696	0.90451	181314	0	1
2020.08.16	0.90387	0.90699	0.89442	0.90116	182162	0	1
2020.08.23	0.90081	0.90441	0.89089	0.89176	174983	0	1
2020.08.30	0.89191	0.89666	0.88661	0.89167	187372	0	1
2020.09.06	0.89295	0.92915	0.89259	0.92561	182969	0	1
2020.09.13	0.92543	0.92638	0.90837	0.91631	169895	0	1
2020.09.20	0.91550	0.92199	0.91129	0.91266	182469	0	1
2020.09.27	0.90957	0.91571	0.90261	0.90558	181330	0	1
2020.10.04	0.90570	0.91617	0.90514	0.90645	151736	0	1
2020.10.11	0.90701	0.91215	0.90072	0.90757	167995	0	1
2020.10.18	0.90810	0.91483	0.90113	0.90908	165612	0	1
2020.10.25	0.90741	0.91058	0.89839	0.89927	181333	0	1
2020.11.01	0.90079	0.90686	0.89454	0.90308	216337	0	1
2020.11.08	0.90286	0.90484	0.88610	0.89650	205954	0	1
2020.11.15	0.89726	0.89950	0.89151	0.89222	166828	0	1
2020.11.22	0.89145	0.89996	0.88669	0.89840	155881	0	1
2020.11.29	0.89763	0.90840	0.89290	0.90199	192004	0	1
2020.12.06	0.90393	0.92297	0.89837	0.91522	196841	0	1
2020.12.13	0.90882	0.91487	0.89826	0.90758	180655	0	1
2020.12.20	0.91102	0.92172	0.89533	0.89873	161791	0	1
2020.12.27	0.89853	0.90933	0.89324	0.89423	139874	0	1
2021.01.03	0.89568	0.90850	0.89438	0.90123	223250	0	1
2021.01.10	0.90124	0.90367	0.88662	0.88908	193796	0	1
2021.01.17	0.88747	0.89246	0.88298	0.88941	170928	0	1
2021.01.24	0.88935	0.89048	0.88125	0.88585	197396	0	1
2021.01.31	0.88486	0.88526	0.87387	0.87714	175886	0	1
2021.02.07	0.87708	0.87971	0.87440	0.87477	143763	0	1
2021.02.14	0.87467	0.87516	0.86404	0.86526	133931	0	1
2021.02.21	0.86418	0.87307	0.85421	0.86675	178658	0	1
2021.02.28	0.86594	0.86681	0.85962	0.86134	183387	0	1
2021.03.07	0.86190	0.86257	0.85484	0.85867	160931	0	1
2021.03.14	0.85791	0.86396	0.85333	0.85869	143077	0	1
2021.03.21	0.85800	0.86455	0.85351	0.85505	136786	0	1
2021.03.28	0.85516	0.85626	0.84930	0.85036	127738	0	1
2021.04.04	0.85040	0.86974	0.84720	0.86848	121371	0	1
2021.04.11	0.86696	0.87191	0.86399	0.86561	121509	0	1
2021.04.18	0.86555	0.87178	0.85891	0.87128	129454	0	1
2021.04.25	0.87110	0.87196	0.86741	0.87025	121550	0	1
2021.05.02	0.87085	0.87096	0.86237	0.86946	123562	0	1
2021.05.09	0.86819	0.86919	0.85606	0.86147	138975	0	1
2021.05.16	0.86045	0.86432	0.85819	0.86074	128508	0	1
2021.05.23	0.85923	0.86715	0.85751	0.85910	127957	0	1
2021.05.30	0.85947	0.86455	0.85653	0.85883	122029	0	1
2021.06.06	0.85907	0.86425	0.85684	0.85776	112891	0	1
2021.06.13	0.85829	0.86286	0.85422	0.85952	137941	0	1
2021.06.20	0.85787	0.86046	0.85306	0.85983	130153	0	1
2021.06.27	0.85781	0.86157	0.85638	0.85765	122420	0	1
2021.07.04	0.85754	0.86181	0.85356	0.85448	135939	0	1
2021.07.11	0.85451	0.85798	0.85037	0.85762	126041	0	1
2021.07.18	0.85640	0.86697	0.85408	0.85613	133839	0	1
2021.07.25	0.85474	0.85735	0.85000	0.85368	122413	0	1
2021.08.01	0.85252	0.85580	0.84701	0.84756	110885	0	1
2021.08.08	0.84735	0.85181	0.84502	0.85041	100689	0	1
2021.08.15	0.85059	0.85903	0.84839	0.85870	110847	0	1
2021.08.22	0.85763	0.85937	0.85428	0.85736	95297	0	1
2021.08.29	0.85660	0.86028	0.85622	0.85708	91976	0	1
2021.09.05	0.85683	0.86136	0.85202	0.85383	101691	0	1
2021.09.12	0.85337	0.85627	0.85008	0.85404	111454	0	1
2021.09.19	0.85345	0.86130	0.85245	0.85724	128221	0	1
2021.09.26	0.85771	0.86583	0.85255	0.85589	161996	0	1
2021.10.03	0.85527	0.85730	0.84750	0.84985	156244	0	2
2021.10.10	0.84897	0.85182	0.84235	0.84377	131631	0	2
2021.10.17	0.84211	0.84684	0.84211	0.84621	144342	0	2
2021.10.24	0.84631	0.84757	0.84027	0.84439	166115	0	2
2021.10.31	0.84456	0.85949	0.84420	0.85702	187916	0	2
2021.11.07	0.85721	0.85884	0.85207	0.85307	164999	0	2
2021.11.14	0.85276	0.85374	0.83835	0.83916	164396	0	2
2021.11.21	0.83866	0.84958	0.83805	0.84836	182549	0	2
2021.11.28	0.84703	0.85506	0.84462	0.85464	217049	0	2
2021.12.05	0.85354	0.85994	0.84888	0.85316	161681	0	2
2021.12.12	0.85303	0.85530	0.84534	0.84886	183571	0	2
2021.12.19	0.84849	0.85505	0.84157	0.84412	170928	0	2
2021.12.26	0.84366	0.84550	0.83679	0.84124	113623	0	2
2022.01.02	0.83952	0.84187	0.83349	0.83570	151949	0	2
2022.01.09	0.83543	0.83623	0.83235	0.83442	159547	0	2
2022.01.16	0.83417	0.83788	0.83052	0.83691	182653	0	2
2022.01.23	0.83642	0.84226	0.83053	0.83211	197256	0	2
2022.01.30	0.83136	0.84701	0.82851	0.84640	160316	0	2
2022.02.06	0.84596	0.84780	0.83596	0.83667	163142	0	2
2022.02.13	0.83608	0.84022	0.83268	0.83290	166258	0	2
2022.02.20	0.83281	0.84065	0.83060	0.84050	227949	0	2
2022.02.27	0.83535	0.83826	0.82305	0.82594	257156	0	2
2022.03.06	0.82616	0.84357	0.82026	0.83706	223453	0	2
2022.03.13	0.83686	0.84578	0.83606	0.83852	167016	0	2
2022.03.20	0.83854	0.84164	0.82957	0.83318	170762	0	2
2022.03.27	0.83276	0.85123	0.83217	0.84235	214467	0	2
2022.04.03	0.84231	0.84309	0.83075	0.83428	170255	0	2
2022.04.10	0.83653	0.83800	0.82498	0.82737	216102	0	2
2022.04.17	0.82741	0.84153	0.82687	0.84122	174490	0	2
2022.04.24	0.84157	0.84671	0.83812	0.83853	238483	0	2
2022.05.01	0.83812	0.85914	0.83670	0.85467	235749	0	2
2022.05.08	0.85413	0.86186	0.84888	0.84892	265183	0	2
2022.05.15	0.84906	0.85338	0.83932	0.84524	254335	0	2
2022.05.22	0.84558	0.85869	0.84329	0.84965	220646	0	2
2022.05.29	0.84923	0.85842	0.84897	0.85825	187566	0	2
2022.06.05	0.85773	0.85918	0.84858	0.85454	230277	0	2
2022.06.12	0.85316	0.87212	0.85117	0.85900	376558	0	2
2022.06.19	0.85680	0.86412	0.85615	0.85993	257330	0	2
2022.06.26	0.85938	0.86785	0.85510	0.86201	264995	0	2
2022.07.03	0.86076	0.86270	0.84415	0.84616	284559	0	2
2022.07.10	0.84563	0.85138	0.84032	0.85008	301648	0	2
2022.07.17	0.84921	0.85843	0.84576	0.85134	288965	0	2
2022.07.24	0.85062	0.85243	0.83458	0.83935	263456	0	2
2022.07.31	0.83917	0.84530	0.83398	0.84294	256372	0	2
2022.08.07	0.84286	0.84925	0.84101	0.84506	203098	0	2
2022.08.14	0.84487	0.85114	0.83876	0.84890	202577	0	2
2022.08.21	0.84808	0.85029	0.84078	0.84879	237697	0	2
2022.08.28	0.84896	0.86763	0.84827	0.86463	275388	0	4
2022.09.04	0.86415	0.87115	0.85663	0.86694	274101	0	3
2022.09.11	0.86808	0.87841	0.86255	0.87643	273312	0	3
2022.09.18	0.87596	0.89348	0.86906	0.89323	308114	0	3
2022.09.25	0.89509	0.92745	0.87521	0.87825	550014	0	3
2022.10.02	0.87616	0.88306	0.86487	0.87825	452536	0	3
2022.10.09	0.87721	0.88665	0.86085	0.86982	704298	0	3
2022.10.16	0.86586	0.87804	0.85777	0.87319	704466	0	3
2022.10.23	0.86664	0.87642	0.85717	0.85797	748459	0	3
2022.10.30	0.85794	0.87845	0.85723	0.87563	604842	0	3
2022.11.06	0.87485	0.88283	0.86902	0.87486	620263	0	3
2022.11.13	0.87404	0.88223	0.86782	0.86823	633320	0	3
2022.11.20	0.86746	0.87009	0.85716	0.85924	475837	0	3
2022.11.27	0.85904	0.86755	0.85472	0.85755	609797	0	3
2022.12.04	0.85667	0.86462	0.85619	0.85901	530515	0	3
2022.12.11	0.85828	0.87715	0.85595	0.87122	573948	0	4
2022.12.18	0.87048	0.88336	0.86904	0.88100	547733	0	4
2022.12.25	0.88104	0.88769	0.87937	0.88472	351289	0	4
2023.01.01	0.88381	0.88736	0.87786	0.87985	529239	0	4
2023.01.08	0.87966	0.88969	0.87686	0.88522	541446	0	4
2023.01.15	0.88562	0.88873	0.87217	0.87545	497611	0	4
2023.01.22	0.87562	0.88519	0.87530	0.87643	394459	0	4
2023.01.29	0.87621	0.89788	0.87617	0.89550	475427	0	4
2023.02.05	0.89592	0.89639	0.88236	0.88546	433292	0	3
2023.02.12	0.88428	0.89286	0.88007	0.88808	419961	0	4
2023.02.19	0.88797	0.88915	0.87836	0.88314	396197	0	4
2023.02.26	0.88209	0.88965	0.87545	0.88276	390422	0	4
2023.03.05	0.88247	0.89251	0.88201	0.88409	394428	0	4
2023.03.12	0.88365	0.88631	0.87180	0.87576	607562	0	4
2023.03.19	0.87450	0.88653	0.87278	0.87975	402765	0	4
2023.03.26	0.88001	0.88283	0.87708	0.87928	284788	0	3
2023.04.02	0.87883	0.88066	0.87289	0.87741	264697	0	4
2023.04.09	0.87646	0.88598	0.87627	0.88550	249444	0	4
2023.04.16	0.88462	0.88641	0.87914	0.88303	253121	0	4
2023.04.23	0.88305	0.88751	0.87643	0.87654	295314	0	4
2023.04.30	0.87664	0.88347	0.87126	0.87232	307331	0	4
2023.05.07	0.87139	0.87463	0.86608	0.87153	245808	0	4
2023.05.14	0.87089	0.87206	0.86682	0.86805	248283	0	4
2023.05.21	0.86755	0.87185	0.86486	0.86844	280359	0	4
2023.05.28	0.86819	0.86946	0.85670	0.85985	263775	0	4
2023.06.04	0.85918	0.86359	0.85408	0.85431	249227	0	4
2023.06.11	0.85401	0.86128	0.85212	0.85331	259865	0	3
2023.06.18	0.85247	0.86358	0.85180	0.85666	280059	0	4
2023.06.25	0.85671	0.86580	0.85425	0.85945	285377	0	4
2023.07.02	0.85849	0.86051	0.85201	0.85419	259074	0	4
2023.07.09	0.85339	0.85841	0.85036	0.85767	265802	0	4
2023.07.16	0.85629	0.87008	0.85617	0.86550	277430	0	4
2023.07.23	0.86509	0.86592	0.85440	0.85750	314564	0	4
2023.07.30	0.85623	0.86550	0.85500	0.86352	302158	0	4
2023.08.06	0.86286	0.86688	0.85890	0.86215	263026	0	3
2023.08.13	0.86198	0.86325	0.85229	0.85377	276106	0	4
2023.08.20	0.85377	0.85852	0.84922	0.85817	250441	0	4
2023.08.27	0.85694	0.86103	0.85476	0.85576	266476	0	4
2023.09.03	0.85559	0.86013	0.85235	0.85862	314325	0	50
2023.09.10	0.85793	0.86303	0.85576	0.86085	336742	0	50
2023.09.17	0.85962	0.87001	0.85962	0.86980	309977	0	50
2023.09.24	0.86824	0.87057	0.86292	0.86644	326700	0	50
2023.10.01	0.86573	0.86910	0.86379	0.86506	328025	0	50
2023.10.08	0.86425	0.86645	0.86156	0.86562	393632	0	50
2023.10.15	0.86465	0.87403	0.86403	0.87097	367442	0	50
2023.10.22	0.87067	0.87340	0.86826	0.87153	354444	0	50
2023.10.29	0.87096	0.87539	0.86643	0.86653	376889	0	50
2023.11.05	0.86668	0.87553	0.86497	0.87399	345904	0	50
2023.11.12	0.87350	0.87656	0.86885	0.87556	328897	0	50
2023.11.19	0.87532	0.87652	0.86699	0.86726	321948	0	50
2023.11.26	0.86806	0.86881	0.85576	0.85603	391921	0	50
2023.12.03	0.85557	0.85883	0.85531	0.85755	293976	0	3
2023.12.10	0.85736	0.86337	0.85489	0.85948	272053	0	3
2023.12.17	0.85920	0.86851	0.85905	0.86720	255208	0	3
2023.12.24	0.86670	0.87146	0.86599	0.86677	165648	0	4
2023.12.31	0.86747	0.86825	0.85992	0.86029	209637	0	4
2024.01.07	0.85997	0.86207	0.85862	0.85869	222147	0	4
2024.01.14	0.85841	0.86199	0.85524	0.85787	244019	0	4
2024.01.21	0.85712	0.85827	0.85207	0.85427	216496	0	3
2024.01.28	0.85388	0.85673	0.85129	0.85394	253635	0	3
2024.02.04	0.85336	0.85717	0.85158	0.85382	238217	0	4
2024.02.11	0.85348	0.85699	0.84979	0.85522	242184	0	4
2024.02.18	0.85419	0.85778	0.85279	0.85400	237073	0	2
2024.02.25	0.85398	0.85757	0.85275	0.85643	248445	0	4
2024.03.03	0.85613	0.85664	0.85039	0.85073	246747	0	3
2024.03.10	0.85009	0.85593	0.84997	0.85489	238276	0	4
2024.03.17	0.85474	0.86020	0.85289	0.85793	220499	0	3
2024.03.24	0.85690	0.85881	0.85297	0.85465	203524	0	4
2024.03.31	0.85427	0.85861	0.85310	0.85750	206181	0	3
2024.04.07	0.85770	0.85843	0.85281	0.85465	231147	0	4
2024.04.14	0.85416	0.86152	0.85204	0.86136	255992	0	4
2024.04.21	0.86009	0.86443	0.85573	0.85595	218347	0	3
2024.04.28	0.85550	0.85861	0.85302	0.85784	212394	0	3
2024.05.05	0.85730	0.86204	0.85567	0.85990	153815	0	4
2024.05.12	0.85977	0.86141	0.85542	0.85584	172361	0	4
2024.05.19	0.85579	0.85677	0.84996	0.85164	172551	0	4
2024.05.26	0.85094	0.85404	0.84835	0.85141	176136	0	3
2024.06.02	0.85115	0.85351	0.84888	0.84902	190392	0	2
2024.06.09	0.84574	0.84715	0.83971	0.84380	170846	0	4
2024.06.16	0.84304	0.84650	0.84298	0.84585	130679	0	4
2024.06.23	0.84513	0.84817	0.84306	0.84725	181472	0	4
2024.06.30	0.84836	0.84986	0.84500	0.84587	190373	0	4
2024.07.07	0.84382	0.84599	0.83915	0.83963	190720	0	4
2024.07.14	0.83866	0.84327	0.83827	0.84272	198287	0	3
2024.07.21	0.84225	0.84492	0.83932	0.84360	210966	0	4
2024.07.28	0.84352	0.85347	0.84101	0.85200	262361	0	3
2024.08.04	0.85178	0.86246	0.85177	0.85553	381674	0	4
2024.08.11	0.85435	0.85925	0.85103	0.85176	224689	0	4
2024.08.18	0.85143	0.85442	0.84523	0.84678	235455	0	3
2024.08.25	0.84590	0.84753	0.83999	0.84145	216313	0	3
2024.09.01	0.84063	0.84468	0.84038	0.84431	215340	0	4
2024.09.08	0.84384	0.84632	0.84195	0.84382	221605	0	4
2024.09.15	0.84365	0.84538	0.83782	0.83791	254390	0	3
2024.09.22	0.83742	0.83864	0.83169	0.83443	254846	0	3
2024.09.29	0.83411	0.84341	0.83107	0.83642	276097	0	3
2024.10.06	0.83539	0.84044	0.83533	0.83687	251871	0	4
2024.10.13	0.83610	0.83800	0.82948	0.83277	213130	0	3
2024.10.20	0.83193	0.83517	0.83031	0.83290	199944	0	4
2024.10.27	0.83193	0.84476	0.82985	0.83849	277429	0	5
2024.11.03	0.83850	0.84184	0.82919	0.82957	347243	0	4
2024.11.10	0.82904	0.83588	0.82597	0.83487	301534	0	5
2024.11.17	0.83363	0.83753	0.82677	0.83120	291603	0	7
2024.11.24	0.83177	0.83643	0.82977	0.83008	323295	0	6
2024.12.01	0.82966	0.83125	0.82687	0.82918	262316	0	6
2024.12.08	0.82792	0.83213	0.82234	0.83211	255033	0	6
2024.12.15	0.83088	0.83274	0.82221	0.82970	283623	0	7
2024.12.22	0.82933	0.83280	0.82747	0.82888	148757	0	7
2024.12.29	0.82840	0.83250	0.82626	0.82974	198126	0	6
2025.01.05	0.82840	0.84064	0.82832	0.83902	278583	0	5
2025.01.12	0.83858	0.84657	0.83809	0.84382	262239	0	5
2025.01.19	0.84341	0.84733	0.84036	0.84063	262649	0	6
2025.01.26	0.84014	0.84204	0.83540	0.83585	261658	0	6
2025.02.02	0.83116	0.83779	0.82912	0.83265	282557	0	6
2025.02.09	0.83099	0.83559	0.83066	0.83334	216814	0	5
2025.02.16	0.83224	0.83386	0.82641	0.82804	183964	0	5
2025.02.23	0.82758	0.83047	0.82418	0.82473	219381	0	6
2025.03.02	0.82621	0.84175	0.82474	0.83846	302542	0	7
2025.03.09	0.83779	0.84491	0.83719	0.84109	264869	0	5
2025.03.16	0.84070	0.84281	0.83503	0.83721	199176	0	7
2025.03.23	0.83768	0.83838	0.83153	0.83664	204086	0	6
2025.03.30	0.83593	0.85236	0.83226	0.85045	324554	0	7
2025.04.06	0.84742	0.87377	0.84667	0.86807	573024	0	7
2025.04.13	0.86374	0.86940	0.85238	0.85691	476446	0	7
2025.04.20	0.85783	0.86236	0.85106	0.85315	301734	0	7
2025.04.27	0.85321	0.85446	0.84796	0.85142	250866	0	6
2025.05.04	0.85133	0.85328	0.84547	0.84562	248908	0	7
2025.05.11	0.84290	0.84576	0.83935	0.83986	248902	0	7
2025.05.18	0.84076	0.84588	0.83799	0.83939	242530	0	6
2025.05.25	0.83969	0.84369	0.83548	0.84315	218529	0	7
2025.06.01	0.84221	0.84499	0.84047	0.84214	237159	0	6
2025.06.08	0.84116	0.85461	0.84116	0.85081	239927	0	6
2025.06.15	0.84962	0.85679	0.84930	0.85639	246223	0	6
2025.06.22	0.85425	0.85748	0.85078	0.85417	245884	0	7
2025.06.29	0.85484	0.86699	0.85391	0.86208	218606	0	7
2025.07.06	0.86250	0.86667	0.85962	0.86632	208236	0	7
2025.07.13	0.86368	0.86980	0.86346	0.86671	214634	0	6
2025.07.20	0.86594	0.87432	0.86463	0.87395	196601	0	6
2025.07.27	0.87434	0.87528	0.86080	0.87277	258096	0	6
2025.08.03	0.87182	0.87434	0.86525	0.86556	228281	0	6
2025.08.10	0.86514	0.86720	0.85957	0.86317	220467	0	6
2025.08.17	0.86343	0.86717	0.86083	0.86628	211367	0	6
2025.08.24	0.86658	0.86736	0.86093	0.86536	220041	0	6
2025.08.31	0.86598	0.87127	0.86375	0.86765	235729	0	6
2025.09.07	0.86700	0.86842	0.86339	0.86508	193484	0	6
2025.09.14	0.86488	0.87284	0.86322	0.87173	216207	0	6
2025.09.21	0.87137	0.87508	0.87086	0.87288	200375	0	6
2025.09.28	0.87287	0.87449	0.86896	0.87077	202001	0	2
2025.10.05	0.87108	0.87280	0.86559	0.87029	223282	0	2
2025.10.12	0.86896	0.87250	0.86642	0.86750	260997	0	2
2025.10.19	0.86758	0.87468	0.86697	0.87343	241461	0	2
2025.10.26	0.87251	0.88179	0.87198	0.87757	243634	0	2
2025.11.02	0.87722	0.88294	0.87573	0.87865	220150	0	2
2025.11.09	0.87729	0.88654	0.87649	0.88207	268342	0	2
2025.11.16	0.88213	0.88399	0.87801	0.87877	285039	0	2
2025.11.23	0.87826	0.88199	0.87457	0.87566	318186	0	2
2025.11.30	0.87600	0.88015	0.87218	0.87337	215648	0	2
2025.12.07	0.87272	0.87921	0.87203	0.87807	235754	0	2
2025.12.14	0.87660	0.87967	0.87351	0.87524	251931	0	2
2025.12.21	0.87411	0.87554	0.87048	0.87181	188182	0	2
2025.12.28	0.87134	0.87459	0.87004	0.87065	179994	0	2
2026.01.04	0.87055	0.87107	0.86441	0.86794	257332	0	2
2026.01.11	0.86731	0.86925	0.86493	0.86705	247118	0	2
2026.01.18	0.86666	0.87455	0.86580	0.86692	297705	0	2
2026.01.25	0.86729	0.87162	0.86472	0.86593	424900	0	2
2026.02.01	0.86420	0.87210	0.86121	0.86793	340779	0	2
2026.02.08	0.86779	0.87416	0.86777	0.86919	293815	0	2
2026.02.15	0.86884	0.87515	0.86866	0.87388	230698	0	2
2026.02.22	0.87311	0.87890	0.87023	0.87620	249074	0	4
2026.03.01	0.87715	0.87873	0.86509	0.86649	470460	0	4
2026.03.08	0.86464	0.86767	0.86169	0.86319	434447	0	4
2026.03.15	0.86166	0.86791	0.86116	0.86703	365697	0	4
2026.03.22	0.86526	0.86794	0.86307	0.86746	438877	0	4
2026.03.29	0.86688	0.87425	0.86577	0.87248	345274	0	4
