<DATE>	<OPEN>	<HIGH>	<LOW>	<CLOSE>	<TICKVOL>	<VOL>	<SPREAD>
2010.01.01	0.88822	0.90272	0.86018	0.86689	993844	0	15
2010.02.01	0.86914	0.89723	0.86576	0.89447	957543	0	15
2010.03.01	0.89869	0.91373	0.88711	0.88977	960301	0	10
2010.04.01	0.88982	0.89027	0.86027	0.87039	908190	0	15
2010.05.01	0.87031	0.88064	0.84214	0.84650	1312822	0	8
2010.06.01	0.84639	0.84737	0.80670	0.81841	1122738	0	8
2010.07.01	0.81841	0.85309	0.81661	0.83152	983112	0	8
2010.08.01	0.83039	0.83616	0.81414	0.82650	862458	0	15
2010.09.01	0.82652	0.86841	0.82015	0.86735	745900	0	15
2010.10.01	0.86738	0.89406	0.86264	0.86912	935565	0	15
2010.11.01	0.87061	0.88169	0.83383	0.83422	1471366	0	15
2010.12.01	0.83424	0.86461	0.83336	0.85738	1461866	0	5
2011.01.01	0.85822	0.86713	0.82847	0.85487	1549734	0	4
2011.02.01	0.85488	0.85925	0.83549	0.84875	1113597	0	10
2011.03.01	0.84875	0.88521	0.84604	0.88351	1399780	0	10
2011.04.01	0.88350	0.89364	0.87137	0.88589	1242946	11602540000	8
2011.05.01	0.88699	0.90416	0.86102	0.87488	1140851	0	8
2011.06.01	0.87483	0.90669	0.87208	0.90323	1240204	0	10
2011.07.01	0.90326	0.90826	0.87047	0.87613	1367885	25975440000	7
2011.08.01	0.87534	0.88851	0.86422	0.88443	1720479	258924272000	4
2011.09.01	0.88443	0.88557	0.85306	0.85874	1713779	0	5
2011.10.01	0.85675	0.88292	0.85294	0.86171	1605676	0	4
2011.11.01	0.86164	0.86642	0.84854	0.85585	1543748	0	5
2011.12.01	0.85585	0.86160	0.83023	0.83276	1191335	0	4
2012.01.01	0.83413	0.84067	0.82208	0.83008	1230171	0	4
2012.02.01	0.83009	0.85043	0.82640	0.83660	1218279	0	4
2012.03.01	0.83661	0.84214	0.82829	0.83251	1092216	0	4
2012.04.01	0.83414	0.83578	0.81221	0.81537	1166543	0	4
2012.05.01	0.81539	0.81974	0.79496	0.80227	1276682	0	5
2012.06.01	0.80226	0.81525	0.79839	0.80610	1247387	0	5
2012.07.01	0.80717	0.80765	0.77622	0.78458	1232226	0	5
2012.08.01	0.78459	0.79623	0.78122	0.79291	1135284	0	5
2012.09.01	0.79203	0.81143	0.78870	0.79535	1022423	0	5
2012.10.01	0.79529	0.81642	0.79411	0.80314	1052180	0	3
2012.11.01	0.80311	0.81318	0.79596	0.81081	1738779	0	5
2012.12.01	0.81087	0.82248	0.80344	0.81244	1459289	0	4
2013.01.01	0.81190	0.86057	0.80846	0.85657	2054312	0	5
2013.02.01	0.85654	0.88146	0.84458	0.86127	1952565	0	3
2013.03.01	0.86127	0.87934	0.84154	0.84269	892476	0	1
2013.04.01	0.84287	0.86363	0.83973	0.84742	1026759	0	1
2013.05.01	0.84735	0.85981	0.84003	0.85485	1172521	0	1
2013.06.01	0.85472	0.85903	0.84688	0.85486	1348236	0	3
2013.07.01	0.85568	0.87652	0.84816	0.87477	1230141	0	1
2013.08.01	0.87485	0.87692	0.85047	0.85209	1024649	0	1
2013.09.01	0.85120	0.85203	0.83409	0.83541	767667	0	1
2013.10.01	0.83541	0.85847	0.83325	0.84687	842958	0	1
2013.11.01	0.84688	0.84767	0.82970	0.82997	836863	0	1
2013.12.01	0.82969	0.84663	0.82524	0.83208	764236	0	1
2014.01.01	0.82977	0.83485	0.81680	0.81992	884567	0	1
2014.02.01	0.82072	0.83496	0.81574	0.82427	809179	0	1
2014.03.01	0.82320	0.83998	0.82036	0.82651	1221095	0	0
2014.04.01	0.82651	0.83141	0.81961	0.82160	943002	0	1
2014.05.01	0.82154	0.82482	0.80815	0.81365	855652	0	0
2014.06.01	0.81325	0.81495	0.79588	0.80016	773522	0	1
2014.07.01	0.80017	0.80064	0.78737	0.79280	929930	0	1
2014.08.01	0.79280	0.80356	0.79091	0.79112	856864	0	1
2014.09.01	0.79136	0.80657	0.77663	0.77895	1365389	0	1
2014.10.01	0.77895	0.80465	0.77671	0.78262	1630428	0	1
2014.11.01	0.78293	0.80385	0.77975	0.79552	1334921	32707500000	1
2014.12.01	0.79617	0.80064	0.77596	0.77652	1683834	1792275312000	0
2015.01.01	0.77536	0.78738	0.74038	0.74919	1384726	9881735000	1
2015.02.01	0.74904	0.75916	0.72457	0.72492	1392628	0	1
2015.03.01	0.72460	0.73842	0.70138	0.72413	1662211	0	1
2015.04.01	0.72382	0.73786	0.71166	0.73087	1936015	0	4
2015.05.01	0.73078	0.74826	0.70545	0.71889	1617548	0	2
2015.06.01	0.71776	0.73886	0.69863	0.70902	2510438	0	3
2015.07.01	0.70914	0.72231	0.69355	0.70294	3066079	1316604850000	1
2015.08.01	0.70198	0.74217	0.69505	0.73034	3049554	3582679778000	0
2015.09.01	0.73028	0.74362	0.71962	0.73869	2812547	3419539411000	4
2015.10.01	0.73860	0.74926	0.71231	0.71312	2580180	3243747059000	0
2015.11.01	0.71372	0.71967	0.69820	0.70163	2507783	3029611170000	0
2015.12.01	0.70123	0.74159	0.70065	0.73717	2562122	2944302295000	0
2016.01.01	0.73738	0.77554	0.73119	0.76016	3091782	4061642194000	0
2016.02.01	0.75976	0.79284	0.75258	0.78101	3544396	4472064945000	0
2016.03.01	0.77914	0.79463	0.76524	0.79230	2917569	3540340954000	0
2016.04.01	0.79232	0.81167	0.77306	0.78359	2600656	3199322252000	0
2016.05.01	0.78523	0.79469	0.75646	0.76845	2558986	3247417279000	0
2016.06.01	0.76842	0.83819	0.75987	0.83419	3468654	4271906205000	0
2016.07.01	0.83353	0.86265	0.82478	0.84480	3039236	3858153740000	0
2016.08.01	0.84200	0.87246	0.83434	0.84911	2559418	2780101716000	0
2016.09.01	0.84883	0.87161	0.83329	0.86585	2499463	2512953971000	0
2016.10.01	0.86847	0.93050	0.86766	0.89675	2767913	2423096135000	0
2016.11.01	0.89672	0.90485	0.84552	0.84655	3560734	2977943331000	0
2016.12.01	0.84629	0.86654	0.83040	0.85137	3035820	2472292303000	0
2017.01.01	0.85185	0.88519	0.84497	0.85807	3878660	3327564198000	0
2017.02.01	0.85784	0.86435	0.84022	0.85409	3295038	3343380810000	0
2017.03.01	0.85369	0.87871	0.84726	0.84726	3807095	3764569703000	0
2017.04.01	0.84948	0.85903	0.83124	0.84074	2628982	2736902616000	0
2017.05.01	0.84295	0.87503	0.83833	0.87213	3065377	3054202857000	0
2017.06.01	0.87212	0.88797	0.86514	0.87671	2467472	210801636000	0
2017.07.01	0.87772	0.89945	0.87425	0.89614	2317029	0	7
2017.08.01	0.89602	0.93060	0.89221	0.92067	2602980	0	7
2017.09.01	0.92132	0.92258	0.87460	0.88153	2810836	1996486000	0
2017.10.01	0.88186	0.90329	0.87659	0.87668	2093966	0	0
2017.11.01	0.87664	0.90143	0.87328	0.88001	1913841	0	0
2017.12.01	0.87966	0.88940	0.86893	0.88791	2155121	0	0
2018.01.01	0.88816	0.89275	0.86869	0.87448	3301709	0	0
2018.02.01	0.87434	0.89196	0.87162	0.88602	3099238	0	1
2018.03.01	0.88602	0.89677	0.86683	0.87856	2729452	0	1
2018.04.01	0.87755	0.88270	0.86206	0.87735	1284441	0	1
2018.05.01	0.87734	0.88422	0.86975	0.87926	1908228	0	1
2018.06.01	0.87888	0.88905	0.87177	0.88450	1866875	0	1
2018.07.01	0.88517	0.89578	0.87987	0.89070	1800079	0	0
2018.08.01	0.89064	0.90980	0.88545	0.89516	1596527	0	3
2018.09.01	0.89705	0.90516	0.88473	0.89036	1515878	0	3
2018.10.01	0.89014	0.89390	0.87228	0.88571	1913748	0	3
2018.11.01	0.88571	0.89320	0.86556	0.88707	1871883	0	4
2018.12.01	0.88984	0.90870	0.88627	0.89877	1816701	0	3
2019.01.01	0.89903	0.91025	0.86166	0.87296	1904132	0	3
2019.02.01	0.87292	0.88396	0.85286	0.85716	1375073	0	4
2019.03.01	0.85715	0.87226	0.84719	0.86056	1615600	0	1
2019.04.01	0.86040	0.86814	0.85021	0.86015	1222599	0	3
2019.05.01	0.86019	0.88742	0.84876	0.88396	1184093	0	4
2019.06.01	0.88367	0.89914	0.88244	0.89513	1312592	0	4
2019.07.01	0.89505	0.91899	0.88911	0.91055	1154526	0	1
2019.08.01	0.91055	0.93242	0.90156	0.90295	2238786	0	0
2019.09.01	0.90304	0.91482	0.87859	0.88649	1704728	0	0
2019.10.01	0.88649	0.90191	0.85748	0.86229	1716539	0	0
2019.11.01	0.86229	0.86574	0.84992	0.85116	849439	0	0
2019.12.01	0.85349	0.85915	0.82764	0.84674	958913	0	1
2020.01.01	0.84581	0.85957	0.83871	0.83980	764690	0	1
2020.02.01	0.84165	0.86414	0.82821	0.86006	852177	0	1
2020.03.01	0.86186	0.95001	0.85943	0.88863	1972621	0	1
2020.04.01	0.88693	0.89104	0.86707	0.87009	907627	0	1
2020.05.01	0.86935	0.90544	0.86902	0.89928	842033	0	1
2020.06.01	0.90153	0.91757	0.88641	0.90589	1020534	0	1
2020.07.01	0.90618	0.91481	0.89379	0.89985	890029	0	1
2020.08.01	0.89986	0.90699	0.89089	0.89276	770624	0	1
2020.09.01	0.89231	0.92915	0.88661	0.90704	791991	0	1
2020.10.01	0.90668	0.91617	0.89839	0.89927	744707	0	1
2020.11.01	0.90079	0.90686	0.88610	0.89500	780658	0	1
2020.12.01	0.89462	0.92297	0.89290	0.89423	835507	0	1
2021.01.01	0.89568	0.90850	0.88125	0.88585	785370	0	1
2021.02.01	0.88486	0.88526	0.85421	0.86675	632238	0	1
2021.03.01	0.86594	0.86681	0.85028	0.85089	702489	0	1
2021.04.01	0.85086	0.87196	0.84720	0.87025	543314	0	1
2021.05.01	0.87085	0.87096	0.85606	0.86040	537277	0	1
2021.06.01	0.86053	0.86455	0.85306	0.85733	558466	0	1
2021.07.01	0.85706	0.86697	0.85000	0.85368	566925	0	1
2021.08.01	0.85252	0.85989	0.84502	0.85858	454434	0	1
2021.09.01	0.85813	0.86583	0.85008	0.85936	518802	0	1
2021.10.01	0.85908	0.86239	0.84027	0.84439	638152	0	2
2021.11.01	0.84456	0.85949	0.83805	0.85244	788184	0	2
2021.12.01	0.85233	0.85994	0.83679	0.84124	758528	0	2
2022.01.01	0.83952	0.84226	0.83046	0.83549	727518	0	2
2022.02.01	0.83487	0.84780	0.82851	0.83589	745952	0	2
2022.03.01	0.83507	0.85123	0.82026	0.84207	932686	0	2
2022.04.01	0.84177	0.84671	0.82498	0.83853	835098	0	2
2022.05.01	0.83812	0.86186	0.83670	0.85167	1051970	0	2
2022.06.01	0.85115	0.87212	0.84858	0.86082	1182085	0	2
2022.07.01	0.86029	0.86785	0.83458	0.83935	1197212	0	2
2022.08.01	0.83917	0.86530	0.83398	0.86495	1062674	0	2
2022.09.01	0.86429	0.92745	0.85663	0.87825	1517999	0	3
2022.10.01	0.87616	0.88665	0.85717	0.86167	2719800	0	3
2022.11.01	0.86130	0.88283	0.85716	0.86283	2591787	0	3
2022.12.01	0.86215	0.88769	0.85472	0.88472	2245716	0	3
2023.01.01	0.88381	0.88969	0.87217	0.88186	2121988	0	4
2023.02.01	0.88107	0.89788	0.87545	0.87954	1715445	0	3
2023.03.01	0.88003	0.89251	0.87180	0.87928	1930164	0	3
2023.04.01	0.87883	0.88751	0.87289	0.87654	1062576	0	4
2023.05.01	0.87664	0.88347	0.85832	0.85897	1233719	0	4
2023.06.01	0.85889	0.86580	0.85180	0.85945	1186365	0	3
2023.07.01	0.85849	0.87008	0.85036	0.85659	1171271	0	4
2023.08.01	0.85632	0.86688	0.84922	0.85562	1226146	0	3
2023.09.01	0.85545	0.87057	0.85235	0.86644	1365404	0	50
2023.10.01	0.86573	0.87539	0.86156	0.87061	1581773	0	50
2023.11.01	0.87037	0.87656	0.86132	0.86244	1544656	0	50
2023.12.01	0.86168	0.87146	0.85489	0.86677	1069558	0	3
2024.01.01	0.86747	0.86825	0.85129	0.85263	1034489	0	3
2024.02.01	0.85249	0.85778	0.84979	0.85582	1023307	0	2
2024.03.01	0.85539	0.86020	0.84997	0.85465	963103	0	3
2024.04.01	0.85427	0.86443	0.85204	0.85383	992169	0	3
2024.05.01	0.85345	0.86204	0.84835	0.85141	806755	0	3
2024.06.01	0.85115	0.85351	0.83971	0.84725	673389	0	2
2024.07.01	0.84836	0.84986	0.83827	0.84220	926509	0	3
2024.08.01	0.84178	0.86246	0.83999	0.84145	1184329	0	3
2024.09.01	0.84063	0.84632	0.83126	0.83248	998358	0	3
2024.10.01	0.83192	0.84476	0.82948	0.84368	1105836	0	3
2024.11.01	0.84342	0.84427	0.82597	0.83008	1324133	0	4
2024.12.01	0.82966	0.83280	0.82221	0.82739	1039557	0	6
2025.01.01	0.82671	0.84733	0.82667	0.83585	1173427	0	5
2025.02.01	0.83116	0.83779	0.82418	0.82473	902716	0	5
2025.03.01	0.82621	0.84491	0.82474	0.83712	1016309	0	5
2025.04.01	0.83710	0.87377	0.83226	0.84969	1781348	0	7
2025.05.01	0.84950	0.85406	0.83548	0.84315	1058509	0	6
2025.06.01	0.84221	0.85862	0.84047	0.85789	1012683	0	6
2025.07.01	0.85796	0.87528	0.85569	0.86426	989399	0	6
2025.08.01	0.86379	0.87434	0.85957	0.86536	943440	0	6
2025.09.01	0.86598	0.87508	0.86322	0.87287	924312	0	2
2025.10.01	0.87264	0.88179	0.86559	0.87757	1092858	0	2
2025.11.01	0.87722	0.88654	0.87457	0.87566	1091717	0	2
2025.12.01	0.87600	0.88015	0.87027	0.87159	1027224	0	2
2026.01.01	0.87201	0.87455	0.86441	0.86593	1271340	0	2
2026.02.01	0.86420	0.87890	0.86121	0.87620	1114366	0	2
2026.03.01	0.87715	0.87873	0.86116	0.87352	1865345	0	4
